#4 5 
25 25 1440 60 0 0 79613 5163927 3057459 1937435 1013718 228812 68008 12457
26 26 6006330 5042160 4281480 4731840 39414600 72569790 53656830 49271670 39924810 23306840 10426300 6772060
27 27 643655 557007 520262 621062 2896560 8065920 12154065 10884658 5040697 2160697 1085226 757320
28 28 12164625 10878750 10343700 11139075 44566080 65477435 57751958 46373305 38015811 31408863 18797082 12678141
30 30 846099 665928 568610 560076 1088968 11588738 13001175 7206000 6309579 4016005 2319348 1450358
35 35 1382400 1376871 1379057 1689814 2515114 2966657 2581971 2685343 2063571 1613829 1401686 1362446
38 38 5175042 5132928 4692753 4739882 11410147 9447285 6486287 5910418 5991576 6047012 5869416 5367788
39 39 4915080 3949561 3444038 10483265 57771658 30323010 13374317 9917666 10498423 13168140 11000619 6805256
40 40 3189970 2541546 2203781 4256990 41669694 55401578 19306413 9574193 12471932 12913974 7066141 4552611
41 41 16531527 13705920 11859644 12047367 52547629 117276218 106904356 80240662 50499556 36384742 21847156 19079607
42 42 21113576 20762172 19833616 19668365 101822451 285329336 103841582 67523244 65385014 52532669 24810355 20670722
44 44 0 0 0 0 349327 10966168 3121579 1975642 1424653 190838 25676 916
45 45 9492244 7130430 5306436 4336589 20999204 290186245 150590812 102199894 93812569 51253490 12608745 10355951
46 46 140273 72944 44207 31049 3427114 33243463 30426973 23704577 13046678 2469562 623267 297985
47 47 432468 294588 240840 209340 8276616 35337600 18136800 14235120 11757600 3662856 1557144 728064
48 48 185220 146033 124289 131955 2964321 24561267 7834100 5896853 5451293 1936853 564010 303240
52 52 18965450 18951717 20565809 30959226 67187461 95472313 68490098 41239770 28892339 25632308 22085684 19988269
54 54 11301922 10899302 10761417 11096288 12733280 13613856 13691240 12857382 12477325 13321581 13367378 11909232
55 55 16796811 13223581 12176511 23134849 69002211 63846322 44642277 37333284 35986579 40587087 34482159 24189526
56 56 21808866 20171927 20168097 32834854 71922085 102758555 56100277 44270637 41613672 43112608 36121698 27070874
57 57 558160 434020 376729 718941 4383106 4753000 1830200 1338353 1389812 1675350 1317150 898088
60 60 10283265 9899398 8955519 6577705 4866158 3482649 2284588 2039630 2831263 4732874 7141610 8917783
61 61 24092840 25896328 24507016 24568114 25279289 23416436 20410564 17884205 16146995 16484436 18482559 22098262
62 62 28068682 29559050 38443310 50948089 43222426 37652602 32647434 26313271 22616786 22033174 25070568 28101967
63 63 27581410 29084031 32234132 54455444 119355337 94202465 47678462 36978844 33913724 35238528 35365181 28382494
70 70 6822256 4454475 3431172 11403208 50935542 58369389 56252582 69329222 73712818 58373086 21460576 8741721
71 71 1502600 1438600 1426958 1611509 3127109 5933887 6157019 3762000 2921200 2555200 1686000 1528733
76 76 18773475 17459024 15362558 13276409 9337555 6055322 3426754 2736344 3083945 3692210 8749650 14966691
77 77 114395 138969 206356 268390 316254 328737 286544 217334 151952 110649 110501 136343
79 79 24410687 29090183 36718231 34647420 20866398 13400261 10503838 10049974 8356282 9252882 10892252 17479056
80 80 29325549 30910742 36070814 41733738 37579777 33828987 31941070 31172521 31150178 31610827 32601061 32144605
84 84 15327725 19479928 15016810 10943378 7833175 4883926 3312810 2836289 3017132 4163461 7672119 12528436
85 85 20680974 22558131 23546753 22452753 24483051 21755109 14185042 10868921 12328830 15889241 20823869 21292578
86 86 3683654 3854550 3558605 3632992 3209645 1923080 1029773 852385 1086587 1509353 2234018 3464780
87 87 4061222 4404489 5519764 6650905 5244028 3706031 2683140 2213280 2079648 2520327 3159941 3595744
93 93 3464154 3668292 6227323 8395061 7326744 7865555 20973164 23346324 19053377 9076315 5134203 4222286
94 94 3028279 3154413 4715588 10328695 7828565 5807038 6575976 5863082 6639220 4798511 4244694 3720745
101 101 1149327 1356729 798650 766593 741929 1122517 3626274 5212418 5411972 2740162 1274019 879341
102 102 11697758 10446905 9177758 8618217 10062963 18024477 25343938 27629297 36940922 31448585 20648057 16250022
103 103 1479582 1681730 1832216 1832283 1618042 1710332 1799503 1717395 1853646 1646301 1237963 1257838
104 104 385450 307500 307671 572900 1111700 775350 452590 443610 692325 627525 816300 399150
111 111 4461900 3723900 4053900 3999900 4212900 5544600 6266700 5601900 4285200 3974100 3874200 4157400
112 112 4244118 4930037 7286919 9210849 10844163 11109031 15474527 14053513 9414046 5012165 4016138 3999729
113 113 1785955 1348281 2534683 2340189 3758080 8914357 32048544 68561377 52701845 9346821 2967880 2233271
114 114 32593273 29123350 27297044 37651989 61141167 141176135 350561401 488873258 391724239 191058193 80105118 45760234
115 115 10089708 8311587 8010072 7522195 10857707 29076652 55487971 85629609 87981889 57656196 30156209 15779925
116 116 10115923 10117594 14453181 25174539 48948002 64435586 56492700 53904214 40571486 24911571 18695957 17972331
117 117 1489271 917286 893867 742712 1192661 2718291 4593658 4751344 4254274 5800539 4516303 2952069
126 126 36360 34920 33336 33264 43800 182400 97800 206100 213300 104400 43800 38400
127 127 22238819 23644482 22731535 24788279 26525083 30297936 28918373 28418235 31022250 32138742 28140812 25585897
128 128 65871600 41988150 35290050 44225250 78632250 130225950 181582800 219123450 238006200 221290950 171237600 125862686
129 129 16260600 15916757 21191700 31037014 43113429 54965486 51209914 40618971 21638957 11357786 8025274 11753229
132 132 3624334 2450256 1941714 3609177 5305634 13143938 17284229 32879324 41922096 31462777 16301929 7287859
133 133 26576097 23558262 25086609 32503343 36391586 33638256 35010742 46225239 70008034 76465134 57657322 40020791
135 135 397736 343146 345874 545857 1035817 1151384 2454328 3501492 3203453 2949300 1904836 873210
136 136 52788 30308 45335 108736 253565 160187 114389 235259 312286 299728 245340 140775
138 138 2414184 1656337 688554 567356 625367 1242531 3735069 4483188 3424635 3824973 5160907 3383789
139 139 7264551 4757173 4102940 3781316 5177037 6368821 8267067 10397053 10913428 10020552 10517514 10828526
141 141 493200 320040 299160 157320 252900 289440 518760 306360 306720 579600 911520 991800
151 151 2268514 4226400 6494529 5787643 2868043 2000700 1101471 614636 509336 539293 584229 1051950
153 153 525193432 675654039 794838818 852841555 868074764 813568227 746295736 647683827 510021573 386746988 365805675 417505994
154 154 19979832 23292000 23693688 19483608 13457832 8127984 6853008 6075288 5614512 7238808 9632928 14685936
157 157 6504488 6991214 7387152 7926639 7687968 3785096 2455654 1887736 1570347 2017006 6074916 7216457
159 159 3228409 4068303 5827005 8821707 7864651 3501572 2145183 1528081 1247130 1176868 1849070 2524434
160 160 1272463 1608514 1273834 596777 366042 185942 136480 99408 71732 74239 157403 535446
165 165 1036246 2963850 3238500 595800 145414 106680 87917 74105 61615 61586 81900 238292
166 166 20746800 25340280 25704300 27453600 24416460 23372100 19431600 20142540 17869500 22795200 19524240 22255800
176 176 1696063 2141748 2515320 1328112 580536 351300 262920 217080 177600 211440 311460 896640
177 177 72669927 75038400 68505055 64512000 56901273 60764727 58631891 51482618 53399127 61351200 59925600 64170655
178 178 8631402 7755633 7075320 4795595 3202050 2621057 2095674 1880186 1881069 2437909 4476624 7871267
182 182 590451 1151436 729864 783043 453460 472937 370525 311389 263523 303890 440386 445406
183 183 30849752 37530805 41033733 25807209 17646272 18665158 19928026 10004997 9787227 10737540 13957699 21621911
184 184 8530412 8964619 8166410 4402101 2522630 2011984 1841494 1921216 1454178 1256712 2199080 5737822
189 189 4418859 5155802 4592680 483518 112457 35867 31684 6294 4116 1973 51678 271883
190 190 4690822 5754802 2523668 393275 946582 137475 61151 42739 81567 29365 104067 800950
191 191 1668936 2567712 1073369 131480 1326597 389435 137816 84585 58991 20304 105866 716580
200 200 5994889 4182100 3649888 4102212 8264474 11940918 13662680 11734646 9435109 9154234 9814828 8925526
201 201 18477900 26195340 17034374 17039032 37127311 29884432 37162298 30309325 37137420 24987836 15236280 18424505
206 206 24593 22103 26903 27492 32865 66951 109818 131971 52217 33147 52464 36040
214 214 573075 412312 293535 357188 515700 674100 855450 977400 1534275 1829925 1740262 1337512
216 216 4158730 3660630 3731605 3891490 5451105 5796880 6170650 5526050 5456510 5151180 4745075 4241740
224 224 4464800 4391200 3946000 3411200 3360000 2752800 2381600 2210800 2132800 2138000 3146000 3883200
240 240 3843450 3432825 2838600 3570300 3411600 3024225 2806650 2599875 2945250 3082080 3364320 4058160
