#4 4 
108 109 6719171 4942865 2990160 1295247 428302 258251 936514 3030750 5307043 6663086 7504779 7727721
109 133 6938296 6025292 5183424 3144350 1307004 405153 607869 2162890 3960241 5142796 5969261 6573900
114 113 73662 49154 32538 19385 6785 203123 2752848 5031831 3961246 709892 178615 103292
115 114 16656000 16475400 20767920 37993440 60989280 107319600 138634200 145581075 112368720 72753300 31244175 21117000
116 92 2385600 4242000 7912800 16803600 17448000 21084000 11227200 10822800 9598800 7513200 6254400 4610400
127 128 2865600 2663200 2578400 3545200 4383600 3379600 1899200 1433600 1588400 2652000 3746000 3209600
127 153 774000 923400 865800 983700 1191600 1127700 1272600 1049400 1023300 939600 1305600 940800
132 108 3243870 1285938 607754 340892 246000 506031 2258874 6072279 9160577 10093371 9243834 6592860
132 133 238643 148995 113519 119874 261071 588264 1249375 3112206 4657463 3432578 1036856 416278
133 134 600322 533970 585554 660669 735383 671898 571735 529602 594152 882886 989875 753494
133 157 2198400 1473600 1748400 2829600 3579300 3357900 1713150 876150 1500000 3937200 6001600 4871600
134 158 12978329 8655896 7546443 8576319 11677045 16150256 20295191 27108574 37353337 45282550 42035352 23249037
135 111 3929958 3014119 2657675 2348113 2547672 3304115 7666289 14339992 9174004 6615254 6021418 5016144
135 136 57600 78274 232663 517114 769371 306514 486600 1036200 958200 575400 219000 70800
151 153 567000 617800 794800 1130400 1049000 1482400 1894000 1290400 904800 743200 493600 444400
152 153 83764473 103115782 117996873 111278618 86409164 60366436 38235600 23312291 19517564 22562182 33796473 57341455
157 133 12499600 11555600 12824400 15214400 16629200 11314400 6687200 4924400 5604800 11249200 19757600 17485200
158 183 1874880 2648700 3925440 3918780 2035656 1048032 800910 631350 454320 378504 521676 1298196
159 135 853000 886140 965520 1109716 1274116 1062400 870726 715320 665160 674880 796200 900706
159 158 652176 1125288 1790748 1965348 1319652 799272 524412 373068 265061 195134 206712 421956
159 183 134100 193680 159920 81810 27236 15712 11030 7332 5026 2416 6435 90180
176 152 2025900 2222100 1500300 1019700 635400 335700 260100 210600 272700 236700 442800 969300
176 177 2197636 3746618 3330000 1854655 703309 397473 267055 198000 166860 170280 341640 1081800
176 200 53100 165600 181800 117360 49886 22371 18643 16920 15231 13569 16283 23095
182 183 979154 1382950 741859 328891 108054 46145 27886 16877 9615 20130 106063 373046
206 182 790576 1310726 934735 577073 319048 210873 102411 150986 200734 504531 579289 611794
27 26 2561652 2351861 2229986 2536162 17416547 31764265 25605221 22029726 15545457 9336740 4748077 3044528
29 28 7296000 6588000 6114000 6198000 15864000 24044000 24673600 23137600 21720400 19783200 11091600 7657200
38 63 2133809 2090322 2031626 1966722 2024035 2140565 2222165 2243974 2210243 2155513 2141478 2142235
39 63 44892 29178 28188 246780 304650 61110 37152 44172 57726 105732 129006 79254
40 39 297990 245970 230760 724680 4001040 1799460 733680 556020 581310 820980 601470 561870
43 42 1081260 892260 797040 902700 23295600 24499800 4801320 3905640 4276440 2957400 1587060 1371780
44 45 2793 275 529 1136 3538080 7768800 2824020 1032930 1356660 441540 45252 10962
46 47 0 0 0 0 441720 1488330 1239480 1209510 543060 78462 7596 339
52 28 983850 851700 781950 863700 5586768 14398704 9408240 5528160 4558464 3565584 1722000 1170825
53 29 7020831 6403733 5639867 6500000 16189324 21247897 20569612 17424675 15110100 13839677 9123067 7750400
53 52 8954542 9266903 10328638 15545202 29381059 37084183 23275734 13480152 9532145 9054036 8949252 9059292
53 54 661734 643828 712075 2151858 2548105 4195980 3923051 2441121 1815242 1265925 834806 674732
55 79 6992266 6796771 6727219 6913354 7563686 7956662 8306006 8587498 8550115 8405768 8222429 7494126
56 55 1360800 988971 778629 746486 3254657 5655086 4116857 3687171 3458571 3495343 2985686 2248714
56 57 347220 271440 231600 608400 4126800 3285600 1350900 843300 874800 784800 738000 471150
61 60 1928762 2120679 2015224 1766172 1380041 1012593 601883 438170 490103 812011 1400369 1756800
61 62 3616625 3847713 4422436 5298003 6332771 7309651 6969755 5930633 4651576 3854867 3561772 3520684
61 85 6990138 7587644 8325140 7831286 8796872 8287775 6175645 5205656 5810387 6659909 8524363 7351154
62 63 1228320 1155420 2072520 4369140 2677140 1611900 1211760 1004400 897120 952380 1205820 1267380
62 86 13021200 13281120 13125600 17384400 16506720 15887520 14513040 12911760 9281520 11201760 10050480 11545920
64 63 1521450 1475460 1631970 10569960 15001380 4627620 3105360 2317950 2140380 2807820 2646270 1788660
65 41 28571 25089 28265 547736 998349 342789 159230 109725 92539 84118 52957 37574
66 41 953010 764946 791046 8242740 19927620 11192940 3792240 2791152 2825010 3690720 2236860 1219464
67 42 680541 563820 591539 2951941 10355098 11788182 5856680 5053560 4038480 2907068 1411610 849236
68 42 7630 3393 4938 164988 674490 590950 598840 672000 540230 279120 83548 25158
68 45 1070280 905850 839610 1166130 10932300 26461080 19778940 16616340 12638700 4915620 1604160 1346760
68 70 140 88 2520 33440 54640 101120 155600 185160 138920 81200 20440 10176
69 45 420678 291834 254178 486180 15892200 16254180 7982280 8134830 7220250 2967210 1147140 717840
69 70 1255230 1096668 1169820 5209110 10827270 9816480 11926260 14976450 12945780 7638480 3176100 1622790
79 56 22653697 22596416 23684632 25532361 26403590 26797075 26636573 25995715 25220032 24448268 24007006 23705913
79 78 38246526 44564526 51608905 45958737 32996211 20162463 14652568 11700568 9560337 9621474 15070926 27712295
84 85 3432939 3412696 3662035 2947983 2614878 1756247 931607 628148 658064 1228929 2137659 3319888
86 62 16757606 18101162 23599938 28217394 27727714 23971095 20061842 16216977 14231278 14260335 16964189 18135325
87 88 4147329 4865400 7244871 9149529 10722857 10944000 15257571 13938171 9375171 4977450 3972600 3943350
88 112 4147329 4865400 7244871 9149529 10722857 10944000 15257571 13938171 9375171 4977450 3972600 3943350
89 88 250110 230040 227700 302850 751140 2305800 2786220 2160180 1100520 519534 367560 289170
89 113 3186982 4862081 5809278 8550047 13014888 21865932 31747699 32948696 16086062 6903538 4987590 3399966
90 113 1050873 1350655 1919455 2162945 2611964 3311018 5456945 7157782 3866400 1703127 1275709 1111091
92 93 1954800 1888200 3597300 3384000 3111300 2182500 5506200 9171000 10287000 5981400 2743200 2445300
93 69 767700 618750 559800 1163700 1341000 1944900 2646900 2044800 863100 801900 737100 618300
