#4 5 
463 463 0 0 0 0 349327 10966168 3121579 1975642 1424653 190838 25676 916
465 465 27124 13230 8460 6941 918836 23800645 7303612 3171094 3582169 1037090 261465 82271
466 466 9465120 7117200 5297976 4329648 20080368 266385600 143287200 99028800 90230400 50216400 12347280 10273680
481 481 1440 60 0 0 79613 5163927 3057459 1937435 1013718 228812 68008 12457
537 537 47790 39906 35136 47142 532350 503730 207900 143640 173160 165600 102150 61290
565 565 8198 4844 3857 3832 2292656 13090213 10702723 8298077 4444928 636166 135774 32078
619 619 992314 988200 974057 1153800 1794343 2133257 1589657 1635943 1268229 1043743 943457 942686
620 620 390086 388671 405000 536014 720771 833400 992314 1049400 795343 570086 458229 419760
630 630 1579500 1625040 1469520 1310940 1842660 2023560 1808640 1917360 1849500 1545300 1566180 1600020
631 631 871686 783292 685508 864778 5820957 4133335 1929503 1607984 1830357 1965162 1577432 1078346
635 635 696240 549000 489600 1681920 6903000 3037500 1510920 1113120 1234440 1813320 1616940 1080540
637 637 643140 527040 472860 1393020 9498600 5864220 2073960 1324080 1840860 2008080 1454760 958860
682 682 643655 557007 520262 621062 2896560 8065920 12154065 10884658 5040697 2160697 1085226 757320
695 695 508960 411720 360940 374840 652553 3438000 4288050 2972600 2268800 1618200 1249000 939300
725 725 1667700 1703340 1571400 1510380 2486700 1946700 1496700 1276740 1306260 1565100 1724580 1641780
798 798 3088820 2205650 1732118 1658544 16115869 43612049 19925016 15260268 13807672 13948515 9446192 4967772
799 799 512865 358245 274882 239828 2610292 11104941 5397525 3649950 3172800 2493000 1590943 844971
816 816 1486080 1094040 1162800 741600 550440 410400 304920 325080 765000 1334520 1389600 1292400
819 819 806183 668863 708940 1767036 5667267 5362439 3758400 2943759 2442429 2207100 1636971 1067657
820 820 1920984 1903389 1880596 1878512 1936517 1995189 1928447 1926222 1893802 1880252 1908587 1926000
823 823 141300 79398 157698 532620 181440 74250 65232 61218 92988 171702 243684 195660
859 859 1502600 1438600 1426958 1611509 3127109 5933887 6157019 3762000 2921200 2555200 1686000 1528733
878 878 1217147 1064606 1080935 2472281 11032770 17530765 12483389 7954690 5815028 6080669 3748797 1896872
889 889 1812309 1405235 1114906 1364271 6836956 7656325 6193969 5409520 5078711 5294456 4126553 2665080
892 892 4001400 2807308 2260800 2337646 11622600 18204092 13216708 11938015 10886677 11496900 9639300 6676800
896 896 4965537 4874211 4548884 4709747 8830989 12477600 8876653 6968653 6085895 6576632 6043263 5450968
910 910 1553314 1339629 1021543 700886 421843 254083 191229 299494 485966 780986 1275129 1527129
911 911 243257 211500 153257 94114 64543 35846 25149 31217 48549 85371 144257 220629
912 912 1052197 920575 872862 512340 454770 389010 265902 255406 327295 644190 855000 908130
914 914 543240 555840 478440 309960 261000 186480 245520 120600 122400 208080 282600 408960
915 915 1657688 1747575 1659938 1465931 1025156 850050 786808 691082 657208 742596 1023542 1371510
916 916 5269182 5717165 6361122 6695302 5378651 4007418 3526865 3415601 3061769 3253259 3935454 4746809
918 918 3374234 3741517 5765710 6857297 4281641 3324662 3222662 3148262 2688124 2740966 3145531 3291807
987 987 872526 790484 935621 4177895 10361179 4271874 2520947 1315516 1537579 2812000 2167800 1272800
988 988 5646608 4227862 3433121 4819217 18170638 18796726 12938265 11515700 11588271 12703940 11443050 8223625
991 991 495663 404621 362558 676137 4433684 4418905 1904211 1501011 1652968 1765895 1342232 826484
992 992 502200 460200 345400 471200 2919600 3622800 1574400 1110800 1035600 1366800 1176800 993600
993 993 558160 434020 376729 718941 4383106 4753000 1830200 1338353 1389812 1675350 1317150 898088
1008 1008 932437 863640 782116 533075 455956 305497 205982 203387 248405 411745 604297 857303
1009 1009 1684235 2019459 1601859 1193153 862165 599112 420480 364176 378918 459318 756635 1247294
1010 1010 11743991 12833615 11310031 10592030 9032533 8947611 8607991 7499491 6729185 6921432 8108117 10759968
1047 1047 57510 51606 49734 126900 820080 424620 145890 172530 210510 273240 134730 77490
1072 1072 14127461 14527900 16274655 22193184 36523540 47610428 32394298 18276039 12652806 11103462 12108898 13693225
1087 1087 1563900 1649100 2454900 9348000 9383400 3167100 1739100 1641300 1363800 2175900 2396945 2281200
1104 1104 5015979 5470014 4962941 3995690 2918607 2087814 1291407 925045 956048 1476062 2873328 4112193
1113 1113 312480 448020 930780 774900 310590 255780 322560 239490 242280 318510 306540 308970
1114 1114 4928400 5767418 6022582 8919273 10415018 5819891 3807273 3390873 3029345 3527236 4001236 4467164
1115 1115 2060491 2427910 4140031 8851484 11242154 4668526 3189918 2611754 2231831 2139208 2159554 2127483
1167 1167 4887180 4780908 4138200 3731094 2806776 1730340 805410 504630 507024 791010 2121155 3836049
1168 1168 6729745 5628886 4667538 4492985 2744709 1780380 914215 671924 793689 1211290 3599710 5923656
1182 1182 461008 507505 784421 1497411 1272505 611432 407937 339158 316989 459095 592958 620905
1198 1198 1746400 2408400 1567200 1322800 1011800 776400 506200 376600 408200 645075 942075 1822500
1201 1201 3150062 3637614 3270600 3079800 2901166 2040890 1059641 667738 734897 1084210 1751431 3017593
1202 1202 6725545 7375345 7378262 6737090 6737524 6589800 4965021 4140683 4144717 4887397 6832373 6621559
1204 1204 5554341 6015814 6897692 6816288 7810227 7316464 4855504 3936700 5301573 6708910 7880249 6320358
1206 1206 998182 1004891 989018 1203709 1208945 728018 342655 227127 364909 494182 821782 1096036
1208 1208 304524 374134 412234 398815 357866 221695 127219 128400 159394 183900 219348 277978
1210 1210 766350 922050 1182150 1109700 832500 565200 425475 445500 530550 603450 624150 729450
1212 1212 1088640 1243620 1547100 2350260 2196360 1920960 1537020 1171620 864540 1057230 1283760 1386360
1263 1263 2686140 1944000 1782720 999360 344520 99918 34301 17590 18212 65531 935604 1857726
1264 1264 4470410 5105230 4774100 4052970 3441550 2444684 1672828 1542200 1765020 1624379 2093181 3349260
1276 1276 5991007 7079095 11346605 10542262 6900503 4186592 2354682 2183873 1900934 2887932 3777521 5176047
1277 1277 1298550 1321700 2147050 2376850 1444550 926650 731000 611650 567200 680178 1052877 1254132
1294 1294 8997290 11420338 7778510 5395178 3540558 2265782 1583292 1496177 1502742 2082326 4505744 6976238
1296 1296 517479 555708 673462 548619 507812 424002 343821 312762 333417 372155 382839 465639
1297 1297 5053320 5042777 5795486 5589926 6876154 5708571 3213939 2055652 2043496 3024980 4115107 5141313
1302 1302 1089080 1098560 927140 955130 718150 380270 207610 147180 152520 320440 627060 1140914
1304 1304 802350 752850 539325 415350 264825 194625 127800 125100 128475 158657 219086 528429
1305 1305 964350 980550 1062900 971550 658800 528075 441900 398700 403200 445050 786150 690300
1329 1329 1954800 1888200 3597300 3384000 3111300 2182500 5506200 9171000 10287000 5981400 2743200 2445300
1330 1330 134783 121971 214726 680337 681286 1059286 2785189 4076229 1299771 279046 289549 195857
1372 1372 1564290 1757970 1806840 1533780 1378530 1039626 861948 746640 648234 721726 835517 1047510
1391 1391 1635057 1826645 1443861 1070840 632027 244695 170634 103772 102293 179673 475631 1113858
1392 1392 125868 148133 151599 164274 149974 83228 30413 17759 31672 75053 70929 74270
1393 1393 127200 348600 111600 92040 54480 16800 6216 8760 29340 106020 93600 111600
1394 1394 22200 39240 27720 35760 25680 8724 5304 1872 6498 5904 12420 17154
1395 1395 48306 98742 65394 101850 77820 73860 79416 57516 68310 71820 138690 63000
1402 1402 1219119 1233353 1691169 2204585 1520758 684367 271322 189540 272963 407404 457521 773434
1426 1426 751650 862500 1225950 2242650 1452300 2092608 7322123 5818350 4080300 1354896 1088712 831492
1427 1427 355100 489400 703895 1168484 868974 1062540 3288411 2634840 2428674 903363 591395 449763
1429 1429 649421 760168 1052905 1251474 1089853 1287284 1915579 993411 1394716 716495 517074 538389
1430 1430 1565581 1638532 2580919 4817186 3742324 3199981 3544313 2938032 3682884 2565744 2137152 1896808
1458 1458 87384 101160 131760 153240 137280 129000 146040 153000 134760 101280 99600 117600
1465 1465 9008383 10701081 12192034 12073854 6498890 3553444 3143969 3025646 2377438 2284328 2765620 5939892
1467 1467 4926229 6142903 7392527 6716542 3751683 2898622 2485798 2502288 2178186 2144190 2220606 3272837
1487 1487 159692 238811 235875 218950 151214 88526 66527 59846 66902 75555 94218 142237
1498 1498 22763 24916 36445 14810 35611 7429 7423 7920 8395 7193 8359 16200
1555 1555 304650 395550 304650 266400 204750 324450 348300 343350 302400 194400 196200 206550
1559 1559 810900 1056744 935460 1275480 2160090 1638108 719370 375390 577980 666990 815760 734192
1562 1562 747630 1113210 1350396 1430640 919890 699840 629532 675450 608760 448740 346698 429228
1563 1563 308970 253800 273150 231750 149440 205560 364832 402916 381600 382642 347874 260147
1598 1598 4147329 4865400 7244871 9149529 10722857 10944000 15257571 13938171 9375171 4977450 3972600 3943350
1600 1600 96790 64637 42048 61320 121306 165031 216955 115342 38875 34715 43538 56379
1651 1651 98880 393600 16188 8712 7968 7878 11370 45660 282000 372684 72528 11916
1652 1652 307434 252309 157984 212799 246383 190228 473349 860734 994551 623951 259476 162598
1655 1655 223290 176400 93420 161910 221760 272070 256950 354150 290250 409860 200700 329310
1699 1699 954720 681840 1907100 1854000 3391200 5993486 17683200 36462343 22416686 3480000 1200240 921600
1711 1711 2921143 2789614 4040229 8280771 11593286 13769486 8483400 8255314 5959286 4276671 3263657 2579271
1749 1749 44580 16440 11820 10440 16140 60840 204300 192600 335400 121980 80100 42900
1751 1751 421050 338280 281220 246510 359430 1132380 1405800 1606800 2122800 1677600 849300 486000
1758 1758 385450 307500 307671 572900 1111700 775350 452590 443610 692325 627525 816300 399150
1796 1796 809308 645168 610892 473752 361971 2870799 14195555 31603871 29861996 5763075 1705786 1285817
1799 1799 5929200 5986800 4490400 4260600 3376200 6287400 62259000 109095600 55207800 18885000 10618200 7375200
1805 1805 26280 15480 4452 768 216 36600 466800 815400 853200 974400 145800 178560
1846 1846 444343 334607 265907 224100 337414 1169250 1836300 2379000 3641700 2862986 1091871 650657
1847 1847 2384100 2090700 1791480 1731300 1650000 3506064 5704488 7044900 8299620 5060100 3368400 2922840
1848 1848 6711210 5887710 5310840 4491720 4628520 8538660 12147480 12872280 16462290 16756590 12814122 10193760
1849 1849 417600 311400 205200 166500 523800 733500 779400 622800 828000 736200 525600 563400
1894 1894 1316812 959653 730239 559831 735645 5285676 44317119 64199919 51105503 23341719 7245243 2375173
1899 1899 1177600 1398400 1734400 1870000 1961200 2186000 2371600 3329200 4957600 6392400 4180800 1948800
1905 1905 1341671 773286 704867 515012 788561 1502391 3837658 4039444 3716974 5360439 4285903 2761269
1944 1944 36360 34920 33336 33264 43800 182400 97800 206100 213300 104400 43800 38400
1945 1945 398281 358965 332071 341025 693410 2171379 2256531 3240759 4889850 3725100 1008585 535676
1946 1946 721200 489450 298920 270750 558000 4147650 6237000 5455350 4445100 3782250 1423650 1828950
1990 1990 74829 94371 30857 16971 38700 46800 86657 307157 517500 823500 1536814 526757
1995 1995 882000 685523 562985 541662 830354 2387215 4607308 6915323 6579277 3650123 2003815 1224831
2042 2042 2356871 2022659 1655403 1741037 2444383 3190431 3009463 2923817 3543017 4159041 3412710 2561055
2045 2045 23203200 16168950 14819250 18746850 24910650 29501550 28244400 24898650 25701000 31720950 36270000 33861086
2046 2046 10800 8400 10800 15600 55200 24000 39600 32400 28800 72000 67200 60000
2047 2047 42657600 25810800 20460000 25462800 53666400 100700400 153298800 194192400 212276400 189498000 134900400 91941600
2061 2061 505350 222450 95340 111180 363600 895800 2807100 4956300 4840680 4032600 2241000 1622550
2085 2085 207865 148442 72818 84218 126436 666187 2241070 1642114 963351 878213 860681 312358
2086 2086 2131490 1413524 584878 466166 460231 529544 1407342 2533916 1943784 2123260 2763412 2544674
2091 2091 176400 108000 72288 79128 229680 409320 584640 538560 645840 884520 861840 758160
2140 2140 12762000 13528800 12178080 14100480 16266960 16274160 14373360 14652000 16226640 18084240 19100160 16689600
2145 2145 8839200 7037486 7670100 12263529 21655543 34722686 35317714 29672229 15619757 7980343 5788774 7275600
2146 2146 5234657 5691729 9118286 13570971 15619886 14662800 11647800 7943143 4225371 2315443 1412614 3210429
2147 2147 2186743 3187543 4403314 5202514 5838000 5580000 4244400 3003600 1793829 1062000 823886 1267200
2158 2158 610272 516324 513552 711636 1484880 4183560 3091320 5331720 7208520 7277520 3498360 1080612
2159 2159 561120 462720 366360 589920 838680 2308800 3271800 6072480 7666920 4897680 2352600 961920
2160 2160 408474 346791 467121 734213 1195613 3004260 2754171 2049082 2991571 3111125 1773626 737529
2161 2161 997979 1129675 1022966 1143695 1064773 1840814 3889982 7875715 17126448 16846770 4918616 1812591
2163 2163 4142595 3090529 2910808 3586623 5455540 8306631 13351438 19432438 29972950 30529493 15732423 6818026
2187 2187 969978 617046 555825 532580 687248 574934 508661 495569 600424 948150 1242012 1239444
2188 2188 3001392 1722559 1328349 1107646 1395843 1259743 1163818 1185130 1614785 2101875 2982182 4183760
2235 2235 3709200 5079600 6182400 5884800 4158000 2709600 1563600 967200 780000 693600 730800 1410000
2236 2236 2291268 2165008 2084661 2450187 2404330 1804716 1478419 1179110 1137643 1694511 2464907 2560616
2259 2259 18031345 16083124 17772061 22193921 24655015 18248980 11228486 8087482 9161637 18684435 30645045 27098469
2268 2268 150236 111396 142924 362707 773917 651434 630928 1011642 1092053 1645650 1277446 481260
2269 2269 52788 30308 45335 108736 253565 160187 114389 235259 312286 299728 245340 140775
2284 2284 2234781 1624045 1583493 1520301 2033912 1737608 1402640 1262470 1473102 2435885 3427665 3422331
2331 2331 1466614 3084300 4186029 4029943 2257843 1719000 847671 432836 345536 328693 299829 702750
2341 2341 3750600 5715000 6496200 4999800 3701400 1678800 1351200 1209600 1240800 1612800 2292600 2365800
2355 2355 2314800 2741760 2739000 2815920 2946960 1362343 790457 560400 425314 685029 2365200 2587371
2363 2363 384343 247629 277243 823329 1312457 698571 402043 311871 265886 336643 899186 760929
2427 2427 129600 194400 1041300 1071900 423000 173700 159300 87300 63900 58500 54000 39600
2452 2452 4189688 4249454 4648152 5110719 4741008 2422753 1665196 1327336 1145033 1331977 3709716 4629086
2459 2459 231366 156474 233962 710920 585644 212059 106940 69080 58797 57543 187645 268937
2486 2486 14428800 15157800 16555500 16423200 15377760 13421700 10543200 11265300 10212300 13348800 12391200 13236000
2487 2487 5793300 9571680 8487600 10368000 8293500 9187200 8528400 8591040 7343100 8622000 6521040 8238600
2524 2524 672300 947700 1267200 685800 187200 108000 94500 94500 99900 152100 230400 309600
2555 2555 2612700 3664200 5315800 7287459 5966550 2590941 1636200 1147129 922447 782682 762240 1494568
2583 2583 524700 610800 661200 662400 745200 763200 360000 286200 314100 824400 612000 781200
2654 2654 1272463 1608514 1273834 596777 366042 185942 136480 99408 71732 74239 157403 535446
2675 2675 1036246 2963850 3238500 595800 145414 106680 87917 74105 61615 61586 81900 238292
2718 2718 296100 615600 660600 264600 113400 63000 46800 36000 29700 41400 82800 216900
2726 2726 3067700 2219700 1974320 1261050 769170 600410 521230 442150 470000 733080 1934500 3632300
2746 2746 1926643 2310686 2473200 2254966 2013021 1876382 1722302 1466640 1290476 1146811 1078496 1415764
2749 2749 5362800 5594591 5509936 2889709 1548494 1240425 1058160 888570 687368 661429 1460465 3699000
2770 2770 649574 1182600 1121997 299800 36809 15005 15166 1461 2871 0 16560 42563
2814 2814 463 648 720 1512 2736 4800 6420 6480 3900 2640 960 240
2842 2842 5363100 9789300 11883600 4701000 1785750 1014600 811350 707850 676800 560610 618300 1479900
2844 2844 5836569 5312769 3609969 1395360 700615 580708 495072 429425 345240 335949 719308 3062077
2845 2845 592008 687840 667543 521736 336096 280200 309754 342154 287537 200674 250968 411192
2872 2872 4690822 5754802 2523668 393275 946582 137475 61151 42739 81567 29365 104067 800950
2937 2937 3629670 7272000 5107050 1951650 895200 492630 332940 227400 150720 146130 1081890 396450
2941 2941 2575604 2682188 1988930 990656 638039 491359 473580 690492 479274 394609 487647 1627630
2969 2969 1668936 2567712 1073369 131480 1326597 389435 137816 84585 58991 20304 105866 716580
3029 3029 590451 1151436 729864 783043 453460 472937 370525 311389 263523 303890 440386 445406
3033 3033 1483870 2436650 1279314 759534 341086 234238 157562 138382 156391 293240 534506 718320
3128 3128 17627 21354 25289 24402 14630 15729 58340 59505 21420 17807 43079 27705
3197 3197 2349621 1552543 1358721 1821425 5550429 7958271 9200957 7155729 5541386 4979679 4698429 3789086
3254 3254 573075 412312 293535 357188 515700 674100 855450 977400 1534275 1829925 1740262 1337512
3296 3296 3072150 2062800 1848600 1899990 2189790 3141270 3579634 3626486 3179674 3589200 4562743 4587377
3359 3359 1772650 1598550 1557925 1660570 2366625 3252400 3226250 2940050 2837150 2560620 2276915 2036380
3454 3454 2386080 2062080 2173680 2230920 3084480 2544480 2944400 2586000 2619360 2590560 2468160 2205360
3485 3485 4464800 4391200 3946000 3411200 3360000 2752800 2381600 2210800 2132800 2138000 3146000 3883200
3549 3549 1814400 1692000 1090800 1753200 1274400 1047600 1047600 738000 622800 813600 968400 1659600
3550 3550 2029050 1740825 1747800 1817100 2137200 1976625 1759050 1861875 2322450 2268480 2395920 2398560
