#4 4 
1011 1010 1023120 1315440 942480 951840 699840 594000 519840 356760 335160 476640 469800 832320
1012 916 1150646 1408398 1872672 1788878 1240227 930858 799925 715884 688696 742076 800347 986833
1014 918 1687545 2009751 3117536 3219171 2079836 2036507 2061386 1788621 1499464 1560279 1755771 1637936
1016 1114 1228320 1155420 2072520 4369140 2677140 1611900 1211760 1004400 897120 952380 1205820 1267380
1017 1114 572635 551238 996159 3988800 3122519 1013300 661131 574050 515139 555782 690343 620409
1020 1115 73998 78300 234540 1030050 308880 112860 78642 68130 58284 62622 71550 70830
1024 1022 4568 3665 67208 463950 43672 16380 15458 13568 9698 8842 7830 6008
1031 642 65790 61506 95670 938700 1418040 629640 233280 139032 139770 233280 145710 80010
1035 1036 6520 6320 8480 40240 355000 256200 300600 239800 188600 85000 26440 8760
1036 648 100600 96600 129200 395400 708000 661200 778800 826400 705800 391600 262400 123600
1037 648 7578 3393 3382 150912 581490 406350 352440 428400 407430 230040 71388 24462
1043 1045 106290 60444 46728 701910 4799520 4203720 5199300 5558760 5030280 1946160 419760 220050
1073 977 1924875 2174175 2235375 3028950 5200425 6378525 2986875 1341000 1618425 2362275 2223225 1924425
1073 1072 3284229 3786686 4907957 8246700 12778779 11490557 4114543 2016450 2011821 2451789 2825116 3202168
1079 983 125820 125550 318375 1422225 650250 435375 413550 165128 154462 204638 184815 142762
1082 1179 6992266 6796771 6727219 6913354 7563686 7956662 8306006 8587498 8550115 8405768 8222429 7494126
1105 1104 1928762 2120679 2015224 1766172 1380041 1012593 601883 438170 490103 812011 1400369 1756800
1106 1202 4534359 4743387 4698911 4316400 3605286 3491225 3257909 2912263 2635701 2656709 3934299 4352354
1107 1010 3003300 3461040 3248820 3970260 4808340 5632920 5427540 4746780 3911040 3277260 3007800 3288060
1107 1203 2455779 2844257 3626229 3514886 5191586 4796550 2917736 2293393 3174686 4003200 4590064 2998800
1108 1109 3616625 3847713 4422436 5298003 6332771 7309651 6969755 5930633 4651576 3854867 3561772 3520684
1109 1110 7169884 7479526 9082560 10777306 12539443 13251783 12246193 10318954 8477415 7309078 7191150 7138508
1110 1206 13021200 13281120 13125600 17384400 16506720 15887520 14513040 12911760 9281520 11201760 10050480 11545920
1111 1110 369984 527349 781706 836601 624521 512938 390319 244659 201617 256989 316536 367476
1132 648 11444 6260 24120 165800 147200 224600 375200 365800 311200 176800 90000 25760
1133 648 52 0 1556 14076 93000 184600 246400 243600 132800 49080 12160 696
1134 1045 140 88 2520 33440 54640 101120 155600 185160 138920 81200 20440 10176
1138 1045 1077750 993600 1053000 2866950 3856950 4255200 5886450 8462250 6962850 4833000 2259900 1253250
1140 1045 71190 42624 70092 1640250 2170800 1357560 840510 955440 952650 859320 496440 149490
1175 1271 1254133 1342067 2159933 3616467 3051333 4078400 3811733 3157800 3044333 2970916 2498858 1366560
1176 1272 2866926 3309158 6145579 10731032 9006253 6465221 5053074 3554147 3868295 4214463 4706526 3426821
1177 1179 426240 443340 559710 749880 654570 489690 330390 229320 315810 349920 463140 451800
1178 1179 920232 1388070 2124180 1898460 1166220 797904 464490 303768 353268 362201 630252 1258560
1179 1180 20053094 19552579 20230099 21160742 22050144 22221389 21886243 21455338 21002890 20674397 20686781 20721082
1180 1085 22653697 22596416 23684632 25532361 26403590 26797075 26636573 25995715 25220032 24448268 24007006 23705913
1199 1294 811519 982941 906244 745538 566156 353869 167147 104372 129122 199378 382894 613238
1200 1297 3432939 3412696 3662035 2947983 2614878 1756247 931607 628148 658064 1228929 2137659 3319888
1203 1204 3773760 4800000 5746800 4626720 6289920 5637840 3327600 3105360 4872960 5998080 5412000 3438000
1206 1112 16587326 17838242 23291058 27906234 27404674 23704695 19883162 16086177 14111758 14103495 16809149 17955205
1207 1112 170280 262920 308880 311160 323040 266400 178680 130800 119520 156840 155040 180120
1219 1218 69102 97560 196020 199800 69354 45252 33048 25002 29430 36576 52110 57870
1234 1138 767700 618750 559800 1163700 1341000 1944900 2646900 2044800 863100 801900 737100 618300
1267 1363 359280 393228 497520 649080 1375560 1696680 756360 408150 330660 401490 404100 374400
1271 1272 2687040 3536910 5088510 6118650 6093540 7129980 5804010 5231430 5318460 5350443 5273730 3369801
1272 1464 11124915 14067450 23190814 31639970 28375739 28388532 22691651 13862418 13322126 13318087 13390122 11346332
1273 1369 3265200 4384800 5428620 5541120 4235940 2825280 1805220 1524240 1088460 1036042 1558042 3506779
1274 1369 15612300 18848340 23663880 21116520 16468380 9183420 5695920 5118660 4518720 5509705 8241916 15696947
1307 1403 1144000 1379600 2823400 7409200 6760500 2910200 1328200 903600 795300 914900 1126900 1160800
1328 1329 1954800 1888200 3597300 3384000 3111300 2182500 5506200 9171000 10287000 5981400 2743200 2445300
1363 1458 741162 795016 999876 1890876 3795227 4716876 2219984 1258735 997832 951714 886524 779449
1367 1368 671949 851362 1297516 1657686 2058859 2217316 1176764 682484 676989 772294 1134928 759663
1368 1464 6816150 7873125 8104757 9838682 11992093 8073814 5091964 3176636 3056904 3601080 4119032 5283758
1369 1464 38246526 44564526 51608905 45958737 32996211 20162463 14652568 11700568 9560337 9621474 15070926 27712295
1371 1372 587610 691110 738900 451080 323730 285786 240408 186030 148734 149236 161327 327150
1371 1467 1284730 1639565 1789435 1477565 933104 767817 702548 684430 684704 650974 715030 884270
1403 1404 3267900 3493800 3716100 4678200 5952600 5254200 3042900 2851200 2007900 2315700 2492100 2933100
1404 1500 4210971 5074971 7537371 10473943 11550343 10203429 11715429 10108800 5578457 3055050 2964150 3756600
1412 1699 2590364 4079571 4469423 6515719 9823979 15810405 24062026 25769314 12855881 5818956 4301626 2852439
1421 1422 72000 97200 126600 96600 94200 111000 275400 514800 395400 156600 135000 76800
1422 1423 1954800 1888200 3597300 3384000 3111300 2182500 5506200 9171000 10287000 5981400 2743200 2445300
1423 1424 1954800 1888200 3597300 3384000 3111300 2182500 5506200 9171000 10287000 5981400 2743200 2445300
1424 1328 1954800 1888200 3597300 3384000 3111300 2182500 5506200 9171000 10287000 5981400 2743200 2445300
1427 1426 230400 311400 477900 895500 638100 1980000 1785600 2682900 1005300 448200 387000 288900
1487 1391 74849 96966 120683 130140 102456 57852 34706 26168 26227 38067 38351 45836
1500 1501 4147329 4865400 7244871 9149529 10722857 10944000 15257571 13938171 9375171 4977450 3972600 3943350
1501 1597 4147329 4865400 7244871 9149529 10722857 10944000 15257571 13938171 9375171 4977450 3972600 3943350
1502 1501 1374300 1209600 1684800 2034900 1627200 1160100 782100 568800 456300 512100 712800 983700
1508 1699 596618 782509 1339855 2034327 3190909 6055527 7685673 7179382 3230182 1084582 685964 547527
1509 1604 777273 942545 1128764 1227927 1496291 1920436 3208582 4705527 2840727 1319891 1020436 893455
1509 1699 273600 408109 790691 935018 1115673 1390582 2248364 2452255 1025673 383236 255273 217636
1518 1519 16179000 14132400 15711600 25612800 38173200 69603600 119352000 124848000 107256000 75612000 34152000 20803200
1519 1520 26208000 24966000 28962000 52893000 89910000 119430000 140670000 110340000 106560000 83520000 59760000 32724000
1557 1558 61578 54000 90054 129780 141444 147798 156780 275940 276768 323388 96696 54540
1558 1654 250762 245756 210836 234158 404424 532246 449169 480988 899036 646754 327489 279210
1597 1598 4147329 4865400 7244871 9149529 10722857 10944000 15257571 13938171 9375171 4977450 3972600 3943350
1604 1699 1545429 1431771 2365714 3574286 6156000 13034571 18846514 22825029 10935771 2853771 1662171 1348971
1608 1704 479400 432600 482400 664971 1445657 3882343 5248800 4906800 3874629 1838400 1018200 732000
1609 1705 807686 821314 912600 1295229 2613343 5602886 7267886 6715029 5583323 3639343 1698171 1355143
1613 1518 1063200 1287600 1348800 2955600 4956000 9636000 5947200 6790800 5307600 4214400 2539200 1828800
1615 1520 1322400 2954400 6564000 13848000 12492000 11448000 5280000 4032000 4291200 3298800 3715200 2781600
1654 1655 223290 176400 93420 161910 221760 272070 256950 354150 290250 409860 200700 329310
1689 1593 4729500 4605600 4963200 4793400 5333100 7238700 7645800 6475500 5026500 4588800 4548900 4482900
1702 1796 73662 49154 32538 19385 6785 203123 2752848 5031831 3961246 709892 178615 103292
1705 1704 16656000 16475400 20767920 37993440 60989280 107319600 138634200 145581075 112368720 72753300 31244175 21117000
1709 1710 1382400 1135800 1590300 2496600 4815000 5080500 8244000 8982000 8208000 4675500 3420000 2005200
1785 1689 4628811 3621748 2992685 3174214 2983315 3042986 6949381 25142449 28319474 17622789 9039107 5748855
1797 1798 144000 115650 78300 63450 74700 466650 2007450 3072600 2134350 1692450 372150 247050
1798 1894 531900 422264 307555 177955 176032 2346791 15897764 28429568 18670173 6783914 1942241 883473
1799 1894 43200 34200 26100 33300 38250 172350 286200 487800 347850 176850 85050 56250
1803 1900 4179867 3388000 2938933 3275733 4351067 8950667 17308000 24324000 20350667 13850667 9170667 5756000
1872 1873 6719171 4942865 2990160 1295247 428302 258251 936514 3030750 5307043 6663086 7504779 7727721
1873 1969 6938296 6025292 5183424 3144350 1305249 394464 547440 2038286 3896640 5140400 5969200 6573900
1881 1785 4447927 3338528 3345019 4722622 4256792 4061809 8964309 22906952 21732698 13868975 7084283 5431310
1882 1785 27766 10816 1518 5282 10696 101723 2134029 7124501 4685831 1094567 227241 102371
1893 1797 45771 64800 20057 27771 35486 31886 35486 20571 21086 106971 555429 419657
1893 1894 337582 222627 109473 93232 340609 2135782 9684286 11767664 11246032 10456118 2327236 851529
1946 2042 5818 3298 2095 1282 29070 35640 19413 54927 235530 301500 49851 14778
1966 1965 493965 274736 131111 72707 33411 483133 2266603 8204750 10377343 5288131 1890051 901101
1966 1967 1310920 640362 343891 241239 349054 1174329 3977829 10412037 17610471 15062443 6853500 2797457
1967 1872 3243870 1285938 607754 340892 246000 506031 2258874 6072279 9160577 10093371 9243834 6592860
1968 2161 238 112 96 228 11326 46995 158841 463565 495720 89014 11738 1648
1969 2066 6263467 6234933 5185246 3037555 1297538 574871 674014 2761056 6002357 6019071 5431629 5720914
1970 2066 0 0 0 0 1634 10615 60261 124817 63731 2355 61 0
1978 2075 405771 274440 174343 90000 56256 46668 185700 983314 2251029 1981029 1180800 750600
1979 1882 95400 70200 79200 66600 117000 244800 1184400 2862000 986400 226800 153000 84600
1989 2086 43432 33329 19161 27755 91510 573794 2463329 2125394 813716 721161 247123 108929
2046 2047 284400 213600 302400 345600 610800 290400 248400 232800 298800 484800 855600 898800
2062 1966 439179 229061 135057 118445 190681 611695 1729151 3231901 5148829 4248256 2031672 931004
2062 2158 94968 111888 62280 82512 117450 218880 421200 750000 964080 741600 384264 142650
2063 2159 158400 97080 53880 152520 199800 330000 899400 2008800 2431200 1190400 537600 216600
2063 2160 61110 6390 54 12672 50040 143160 278760 491400 1242600 757080 177240 151200
2064 2161 238406 148883 113422 119646 249745 541269 1090534 2648641 4161743 3343565 1025119 414630
2065 2161 40328 22179 15642 23588 51562 201385 1216788 3723960 7893900 3956520 522897 103274
2069 1973 2220448 1335463 870300 713465 783735 1044596 2651225 6884258 12389686 14093125 9035856 4319286
2070 2069 258520 115880 72455 48756 36885 54000 102744 790568 1024982 778763 725607 528800
2073 1881 3316158 2589769 2323775 2106913 2258772 2841515 3401189 3894592 4313104 4611854 4638118 4254744
2074 2073 397350 236700 191250 198450 578700 1400400 2389500 3064500 3531600 2562300 1202400 614700
2075 1881 518400 354150 254700 174600 171900 217800 3080700 7583400 3874500 1776600 1230300 676800
2140 2045 2865600 2663200 2578400 3545200 4383600 3379600 1899200 1433600 1588400 2652000 3746000 3209600
2141 2045 7209969 6774577 7721377 11780585 14166000 10728831 8767569 7678523 8892462 12428215 13497692 9437446
2141 2047 773280 693720 684240 1627920 2750400 3378480 3217440 2675040 2399760 2680800 2079600 1307040
2142 2047 598800 523200 684000 930000 1549200 1836000 2209200 2132400 1921200 1534800 1658400 943200
2159 2158 103800 67320 54288 99120 225720 744000 573600 1001400 1389600 1182000 517800 193920
2163 2164 137880 90029 82862 111845 153562 240005 446904 603648 784512 913824 613872 271454
2164 2163 2463021 1793061 1700441 2074437 3013572 4483077 7018262 9315683 14230800 16962331 10159275 4266497
2164 2261 459000 438300 448200 488700 501300 414000 387000 365400 307800 406800 541800 507600
2165 2069 468750 315798 240693 234277 301371 452186 1052486 2305385 3330327 3239400 1764630 757470
2165 2453 7799725 4584984 3459019 3965143 6209200 9861097 13969714 20585714 27989886 31961714 28723429 15329714
2166 2165 871875 616000 546253 544800 636600 915200 1825200 2623074 3511800 3656274 2414274 1150600
2167 2165 1587600 990000 838800 896400 1033200 2034000 3090600 4014000 5387400 7174800 4723200 2656800
2169 2073 3365696 3214648 3106293 3254045 3709927 3702423 3877656 4467499 4529966 4373341 4084377 3690203
2171 2268 12240 3960 3600 35280 450000 304200 532800 410400 439200 385200 457200 77400
2172 2173 57600 78274 232663 517114 769371 306514 486600 1036200 958200 575400 219000 70800
2173 2269 63556 32850 74549 159169 369423 209043 129273 321915 459475 480645 357240 187980
2236 2338 774000 923400 865800 983700 1191600 1127700 1272600 1049400 1023300 939600 1305600 940800
2237 2047 75600 66600 84600 91800 131400 70200 34200 27000 37800 43200 104400 75600
2260 2259 386913 189546 185263 290930 441906 542483 475932 378310 533917 964676 1250938 819186
2260 2261 141322 95670 137354 171969 234083 257898 184735 164202 286352 476086 448075 245894
2260 2356 2198400 1473600 1748400 2829600 3579300 3357900 1713150 876150 1500000 3937200 6001600 4871600
2261 2453 5178604 4070912 4087424 4611176 5467845 6289159 6325477 6522860 9363452 13320836 13311923 7919323
2265 2169 4434420 4197870 4012248 4436937 4606776 4687110 4577490 4353948 4397850 4230540 4408650 4586670
2332 2338 567000 617800 794800 1130400 1049000 1482400 1894000 1290400 904800 743200 493600 444400
2355 2259 3167200 3314000 3512800 3686000 3592400 1776400 1108800 810000 688000 1457200 3920400 3786400
2356 2259 9332400 8241600 9311600 11528400 13036800 9538000 5578400 4114400 4916800 9792000 15837200 13698800
2356 2355 944182 982473 1030582 1068873 810000 459687 300175 239302 210895 389258 1048909 1087855
2357 2453 756720 749520 755640 765818 773673 730800 702720 702720 728836 788400 830291 808920
2361 2265 853000 886140 965520 1109716 1274116 1062400 870726 715320 665160 674880 796200 900706
2458 2554 39578 40911 44073 53326 16348 4301 923 236 4 0 936 34306
2527 2338 83764473 103115782 117996873 111278618 86409164 60366436 38235600 23312291 19517564 22562182 33796473 57341455
2531 2435 27324900 40363200 56982600 49377600 33075900 15013800 7766100 5337000 4569300 5364900 7400700 14006700
2532 2435 19179900 27527400 19091700 10260000 6248400 4774500 3456000 2661300 2426400 3640500 7202700 9784800
2553 2453 652176 1125288 1790748 1965348 1319652 799272 524412 373068 265061 195134 206712 421956
2554 2555 1803944 2536883 3208131 5219255 4895715 1965917 1186267 864463 662426 542538 528318 908009
2622 2527 17582400 22068000 17560800 9280800 4896000 2943000 2333700 2333700 2924100 2975400 5374800 9640800
2647 2745 1297800 1839600 2898000 3188700 1585800 790200 600300 464400 347400 298800 417600 998100
2648 2745 577080 809100 1027440 730080 449856 257832 200610 166950 106920 79704 104076 300096
2650 2746 134100 193680 159920 81810 27236 15712 11030 7332 5026 2416 6435 90180
2744 2745 299946 307717 236767 38792 7002 2691 1441 848 408 431 7011 126736
2816 2527 2025900 2222100 1500300 1019700 635400 335700 260100 210600 272700 236700 442800 969300
2817 2913 5874923 6331569 6693231 7058769 7304400 7452277 7511262 6983723 6098400 5244923 4753938 4955815
2840 2937 679208 1075234 505093 290099 101052 43455 26445 16029 9207 19699 99052 246310
2841 2842 877934 1461148 1016994 340118 146510 64285 42339 44758 18813 74880 82949 804139
2911 3009 2197636 3746618 3330000 1854655 703309 397473 267055 198000 166860 170280 341640 1081800
2911 3104 53100 165600 181800 117360 49886 22371 18643 16920 15231 13569 16283 23095
2913 3009 7947000 7295400 6487200 8099100 8333100 8716500 6698700 5305500 4449600 5112900 5886900 7277400
2914 3010 46413609 52036119 50790833 40512057 31334841 29537115 25630543 22195766 23221174 27442560 28985657 34745714
2936 2840 169658 322879 234465 209667 92598 35043 22155 13210 6411 65122 18650 48874
3010 3009 58569429 59056200 54553886 46206771 40034314 41320286 39349029 34437857 35704543 44635114 43242171 48060257
3030 3029 875610 1878030 1537890 943650 743760 493233 429591 445902 404557 465660 598860 675150
3031 3030 275164 449318 235239 121035 64078 16254 11926 14810 18481 52870 24281 148066
3032 3030 147125 147562 119050 83006 25250 12158 9041 22697 16363 48492 82075 72497
3032 3031 259841 490091 164986 89717 65316 44336 52765 70591 86649 93567 85953 192031
3102 3295 296760 196800 132840 108360 106320 100560 98446 100157 101057 138471 238114 329786
3106 3105 213720 234900 392850 418140 510840 1518480 3430800 902700 475800 1049400 459720 89784
3128 3030 790576 1310726 934735 577073 319048 210873 102411 150986 200734 504531 579289 611794
3198 3295 798873 479455 319745 247091 277691 279900 280800 305182 333180 566280 1080360 1306800
3294 3296 2103223 1317171 935091 869280 1774117 2857366 3142117 3388874 2959002 3601464 4301703 3748767
3295 3296 601650 362700 247500 204750 224550 262350 227314 226286 216514 360000 761143 801257
491 586 75712 64238 58725 59512 3540488 4244850 1498050 1909350 1344071 485153 197576 122506
552 551 20088000 19905796 19052816 18888245 99812571 272123265 96582857 63734694 61706939 49846041 22933469 19223265
562 466 9465120 7117200 5297976 4329648 20080368 266385600 143287200 99028800 90230400 50216400 12347280 10273680
583 582 3739734 3102075 2730091 2813752 25510863 47989442 32942042 30050421 23055779 14346294 7299795 4883200
585 583 641368 636442 631326 805263 3003347 4483705 5864021 5772126 3118737 1586463 895263 685705
586 583 86203 67819 57619 58099 3739920 6167760 2085840 2453520 2003040 656357 230014 128263
587 583 1834080 1647600 1541040 1672800 10673280 21112800 17655360 13804080 10423680 7093920 3622800 2230560
640 638 347580 253890 221220 284400 6050070 18685800 6345720 2842380 4105980 2231280 1010520 527868
642 643 16531527 13705920 11859644 12047367 52547629 117276218 106904356 80240662 50499556 36384742 21847156 19079607
643 644 16531527 13705920 11859644 12047367 52547629 117276218 106904356 80240662 50499556 36384742 21847156 19079607
644 548 16531527 13705920 11859644 12047367 52547629 117276218 106904356 80240662 50499556 36384742 21847156 19079607
648 552 20088000 19905796 19052816 18888245 99812571 272123265 96582857 63734694 61706939 49846041 22933469 19223265
682 585 249840 240390 237258 276210 783720 1410480 2170980 2082780 1025460 493020 312120 270504
684 587 1440171 1203783 1128505 1189364 4656827 10244463 8135811 6318189 5486589 4315074 2413705 1544893
687 591 252450 206392 186395 247191 2178831 4527200 3332753 2568884 1591200 850659 977951 719047
688 591 1258094 1098847 1012024 1582484 12039347 21410526 15807032 9895074 7670842 5630211 2262400 1484047
689 591 7296000 6588000 6114000 6198000 15864000 24044000 24673600 23137600 21720400 19783200 11091600 7657200
728 825 2133809 2090322 2031626 1966722 2024035 2140565 2222165 2243974 2210243 2155513 2141478 2142235
729 825 44892 29178 28188 246780 304650 61110 37152 44172 57726 105732 129006 79254
737 642 250579 202358 171284 378189 5478442 8462653 4235874 2172884 2222905 1529811 768789 416653
745 648 1081260 892260 797040 902700 23295600 24499800 4801320 3905640 4276440 2957400 1587060 1371780
762 665 6552 3996 3038 2983 282006 935640 446850 296550 357030 81450 31914 13806
783 688 983850 851700 781950 863700 5586768 14398704 9408240 5528160 4558464 3565584 1722000 1170825
787 689 7020831 6403733 5639867 6500000 16189324 21247897 20569612 17424675 15110100 13839677 9123067 7750400
828 1020 182160 137610 139050 1431990 2492100 823302 412200 271260 222210 396900 480420 303930
830 1020 380970 313020 296910 3078360 5770800 1585980 939600 686070 649620 944460 897570 598860
833 642 13072 9855 8730 97358 252675 142875 98618 79448 67320 58838 30150 18472
838 642 264960 238050 222480 278640 1729980 2309940 1083420 725220 662220 587700 402390 320994
839 642 622260 465390 472896 7025400 16779600 8253360 2475540 1926900 2023020 2869740 1688760 818460
845 562 604980 543960 513810 743040 5050980 8940600 3866940 2713140 2382300 1498140 640260 689400
847 562 465300 361890 325800 423090 5881320 17520480 15912000 13903200 10256400 3417480 963900 657360
850 562 66888 56214 51498 94860 2318400 1072980 510480 443790 539370 221310 117180 85320
852 562 353790 235620 202680 391320 13573800 15181200 7471800 7691040 6680880 2745900 1029960 632520
880 976 1671000 1578000 1643280 3964976 10459440 12839554 10235109 6774994 5039486 4360320 3239897 2026335
881 787 2352474 2249498 2224967 5013460 12389609 17944200 11833855 6263182 4780391 4898864 3542986 2727655
883 980 390300 413250 434550 1004100 1133100 1314000 1301700 833400 704400 582000 472950 428400
884 886 189409 192945 205013 940335 1254669 1828022 2081335 1518470 1067643 658708 330587 220991
893 892 1360800 988971 778629 746486 3254657 5655086 4116857 3687171 3458571 3495343 2985686 2248714
922 1020 69192 79344 284508 670500 124056 78732 75132 70632 72054 77976 91656 96858
924 1115 26082 25290 92970 475380 63144 25290 25722 21024 20340 25938 55926 36306
927 1020 1140480 1162440 1335060 7491600 9230580 3041640 2165760 1631880 1490760 1863360 1748700 1189800
931 642 15499 15234 19535 450379 745674 199914 60613 30278 25219 25280 22807 19101
937 648 494337 408922 390411 2192021 8583158 9632842 3533940 2607840 2249460 1923660 898560 582300
939 648 74160 52038 47808 198720 916740 1269540 1168740 1253520 772020 415008 160650 117576
977 1072 5670313 5480217 5420681 7298502 16602281 25593626 19161191 11463702 7520323 6602247 6124136 5857123
979 980 254031 272895 408929 675218 1342481 2311323 1284155 583670 439475 399453 392340 264098
980 884 316800 345600 291600 534600 1006200 1963800 1962000 1449000 837000 511200 277200 230400
980 886 472325 450883 507062 1211523 1293436 2367958 1841716 922651 747598 607218 504219 453741
982 983 25465 23317 34302 295331 369670 216710 163426 80624 56285 70695 50872 32880
983 886 2947477 2921109 2957776 4523945 4777580 4511116 4338405 3303547 2950472 3003941 3121584 3042515
992 993 347220 271440 231600 608400 4126800 3285600 1350900 843300 874800 784800 738000 471150
