#	THIS	FILE:	Generic	emissions	input	file	for	BETR	Research
#	The	total	annual	global	emissions:	20000000	kg/year		
#	This	total	global	emissions	value	is	spatially	distributed	
#	based	on	nigtlight	emissions.					
#									
#	The	format	of	the	emissions	file	is:		
#m:	month								
#r	cell	number							
#c1	compartmet1	lower_gas							
#c2	compartmet2	lower_fine_particle							
#c3	compartmet3	lower_coarse_particle							
#e	total	emission	in	this	cell	(mol/h)			
#rgp:	ratio	of	gas	to	particle				
#rfcp	ratio	of	fine	to	coarse	particle			
#m	r	c1	c2	c3	e(mol/h)	rgp	rfcp		
1	389	2	9	10	0.02151954	1	0		
1	390	2	9	10	0.14595975	1	0		
1	391	2	9	10	0.1668668	1	0		
1	392	2	9	10	0.084240551	1	0		
1	393	2	9	10	3.296884057	1	0		
1	394	2	9	10	1.128418058	1	0		
1	395	2	9	10	0.029456882	1	0		
1	407	2	9	10	0.00199168	1	0		
1	408	2	9	10	0.005975041	1	0		
1	409	2	9	10	0.002894948	1	0		
1	410	2	9	10	0.00178244	1	0		
1	411	2	9	10	0.000817458	1	0		
1	414	2	9	10	0.006697393	1	0		
1	415	2	9	10	0.007473622	1	0		
1	416	2	9	10	0.0023287	1	0		
1	437	2	9	10	0.010713009	1	0		
1	438	2	9	10	0.403159519	1	0		
1	439	2	9	10	0.621420332	1	0		
1	440	2	9	10	0.66549588	1	0		
1	441	2	9	10	0.050762286	1	0		
1	442	2	9	10	0.016920755	1	0		
1	447	2	9	10	0.112434562	1	0		
1	448	2	9	10	0.337303686	1	0		
1	449	2	9	10	0.237785803	1	0		
1	450	2	9	10	0.085476039	1	0		
1	451	2	9	10	0.041218092	1	0		
1	452	2	9	10	0.105011925	1	0		
1	454	2	9	10	0.013549107	1	0		
1	455	2	9	10	0.013549107	1	0		
1	459	2	9	10	0.011449506	1	0		
1	460	2	9	10	0.034348512	1	0		
1	466	2	9	10	0.019244434	1	0		
1	467	2	9	10	0.024345323	1	0		
1	468	2	9	10	0.015302655	1	0		
1	469	2	9	10	0.058645207	1	0		
1	470	2	9	10	0.019548386	1	0		
1	481	2	9	10	0.034537045	1	0		
1	482	2	9	10	0.011512348	1	0		
1	483	2	9	10	0.010714563	1	0		
1	484	2	9	10	0.032143688	1	0		
1	485	2	9	10	0.161514423	1	0		
1	486	2	9	10	0.11290611	1	0		
1	487	2	9	10	0.08838846	1	0		
1	488	2	9	10	0.087961364	1	0		
1	489	2	9	10	1.41517723	1	0		
1	490	2	9	10	0.483984757	1	0		
1	491	2	9	10	0.013937016	1	0		
1	492	2	9	10	0.005034047	1	0		
1	493	2	9	10	0.037287788	1	0		
1	494	2	9	10	0.012429264	1	0		
1	497	2	9	10	0.010964282	1	0		
1	498	2	9	10	0.003654762	1	0		
1	499	2	9	10	0.005552763	1	0		
1	500	2	9	10	0.016658299	1	0		
1	502	2	9	10	0.009682805	1	0		
1	503	2	9	10	0.014289919	1	0		
1	504	2	9	10	0.013821338	1	0		
1	505	2	9	10	0.01161345	1	0		
1	506	2	9	10	0.019251944	1	0		
1	507	2	9	10	0.015380797	1	0		
1	510	2	9	10	0.011273407	1	0		
1	511	2	9	10	0.013680213	1	0		
1	512	2	9	10	0.007220407	1	0		
1	514	2	9	10	0.028760846	1	0		
1	515	2	9	10	0.028899613	1	0		
1	516	2	9	10	0.000416313	1	0		
1	522	2	9	10	0.026110319	1	0		
1	523	2	9	10	0.075839321	1	0		
1	524	2	9	10	0.149186896	1	0		
1	531	2	9	10	0.631155018	1	0		
1	532	2	9	10	1.893464513	1	0		
1	533	2	9	10	3.673902021	1	0		
1	534	2	9	10	3.158089941	1	0		
1	535	2	9	10	2.844079585	1	0		
1	536	2	9	10	2.731873109	1	0		
1	537	2	9	10	5.862476119	1	0		
1	538	2	9	10	1.978755353	1	0		
1	539	2	9	10	0.026735945	1	0		
1	540	2	9	10	0.006417059	1	0		
1	541	2	9	10	0.047773692	1	0		
1	542	2	9	10	0.295846389	1	0		
1	543	2	9	10	0.899809671	1	0		
1	544	2	9	10	1.859664197	1	0		
1	545	2	9	10	0.659327072	1	0		
1	546	2	9	10	0.349875591	1	0		
1	547	2	9	10	0.211370738	1	0		
1	548	2	9	10	0.243813107	1	0		
1	549	2	9	10	6.763094991	1	0		
1	550	2	9	10	2.290913179	1	0		
1	551	2	9	10	1.188927394	1	0		
1	552	2	9	10	3.457141952	1	0		
1	555	2	9	10	0.004764914	1	0		
1	556	2	9	10	0.014294742	1	0		
1	558	2	9	10	0.0725435	1	0		
1	559	2	9	10	0.0725435	1	0		
1	561	2	9	10	0.011692719	1	0		
1	562	2	9	10	0.011906483	1	0		
1	563	2	9	10	0.014251881	1	0		
1	564	2	9	10	0.018728903	1	0		
1	565	2	9	10	0.061811232	1	0		
1	566	2	9	10	0.023253873	1	0		
1	567	2	9	10	0.002650131	1	0		
1	569	2	9	10	0.011071048	1	0		
1	570	2	9	10	0.00369035	1	0		
1	571	2	9	10	0.009071982	1	0		
1	572	2	9	10	0.027215952	1	0		
1	573	2	9	10	0.049931852	1	0		
1	574	2	9	10	0.03760486	1	0		
1	575	2	9	10	0.024780258	1	0		
1	576	2	9	10	0.011458046	1	0		
1	577	2	9	10	0.019616532	1	0		
1	578	2	9	10	0.012874762	1	0		
1	579	2	9	10	0.032075688	1	0		
1	580	2	9	10	0.077219332	1	0		
1	581	2	9	10	0.108318967	1	0		
1	582	2	9	10	0.056653764	1	0		
1	583	2	9	10	0.032242885	1	0		
1	584	2	9	10	0.035086271	1	0		
1	585	2	9	10	2.299322393	1	0		
1	586	2	9	10	0.782788991	1	0		
1	587	2	9	10	0.02896525	1	0		
1	588	2	9	10	0.037850743	1	0		
1	589	2	9	10	0.065092002	1	0		
1	590	2	9	10	0.155443529	1	0		
1	591	2	9	10	0.135874465	1	0		
1	592	2	9	10	0.006384858	1	0		
1	593	2	9	10	0.044576631	1	0		
1	594	2	9	10	0.229670436	1	0		
1	595	2	9	10	0.217908865	1	0		
1	596	2	9	10	0.009291691	1	0		
1	598	2	9	10	0.014152269	1	0		
1	599	2	9	10	0.028675653	1	0		
1	600	2	9	10	0.043570147	1	0		
1	601	2	9	10	0.005805762	1	0		
1	602	2	9	10	0.014515395	1	0		
1	603	2	9	10	0.01810878	1	0		
1	604	2	9	10	0.01658594	1	0		
1	606	2	9	10	0.021244239	1	0		
1	607	2	9	10	0.022406521	1	0		
1	608	2	9	10	0.003486846	1	0		
1	610	2	9	10	0.05093962	1	0		
1	611	2	9	10	0.051872822	1	0		
1	612	2	9	10	0.002799613	1	0		
1	615	2	9	10	0.000637126	1	0		
1	616	2	9	10	0.001911379	1	0		
1	618	2	9	10	0.750519683	1	0		
1	619	2	9	10	0.868939202	1	0		
1	620	2	9	10	0.355258826	1	0		
1	621	2	9	10	0.1405189	1	0		
1	622	2	9	10	0.083719587	1	0		
1	623	2	9	10	0.036879956	1	0		
1	626	2	9	10	1.424751694	1	0		
1	627	2	9	10	3.631059157	1	0		
1	628	2	9	10	6.618922389	1	0		
1	629	2	9	10	7.878437984	1	0		
1	630	2	9	10	13.60604731	1	0		
1	631	2	9	10	14.58156041	1	0		
1	632	2	9	10	10.80498268	1	0		
1	633	2	9	10	4.528791879	1	0		
1	634	2	9	10	1.831250461	1	0		
1	635	2	9	10	0.71101612	1	0		
1	636	2	9	10	1.168087238	1	0		
1	637	2	9	10	0.190829501	1	0		
1	638	2	9	10	0.679981113	1	0		
1	639	2	9	10	1.184748142	1	0		
1	640	2	9	10	1.705131667	1	0		
1	641	2	9	10	0.391475308	1	0		
1	642	2	9	10	0.538510485	1	0		
1	643	2	9	10	2.13655166	1	0		
1	644	2	9	10	5.18560018	1	0		
1	645	2	9	10	17.53601714	1	0		
1	646	2	9	10	7.423575445	1	0		
1	647	2	9	10	2.226590889	1	0		
1	648	2	9	10	1.94505322	1	0		
1	654	2	9	10	0.186935087	1	0		
1	655	2	9	10	0.196247423	1	0		
1	656	2	9	10	0.027936923	1	0		
1	657	2	9	10	0.114617084	1	0		
1	658	2	9	10	0.35022932	1	0		
1	659	2	9	10	0.321672625	1	0		
1	660	2	9	10	0.028946805	1	0		
1	661	2	9	10	0.046623391	1	0		
1	662	2	9	10	0.037319509	1	0		
1	663	2	9	10	0.049985523	1	0		
1	664	2	9	10	0.084621469	1	0		
1	665	2	9	10	0.104942442	1	0		
1	666	2	9	10	0.064461526	1	0		
1	667	2	9	10	0.036751423	1	0		
1	668	2	9	10	0.021812028	1	0		
1	669	2	9	10	0.027851067	1	0		
1	670	2	9	10	0.022531607	1	0		
1	671	2	9	10	0.030092979	1	0		
1	672	2	9	10	0.050535154	1	0		
1	673	2	9	10	0.000257687	1	0		
1	674	2	9	10	0.004718854	1	0		
1	675	2	9	10	0.019084374	1	0		
1	676	2	9	10	0.043354237	1	0		
1	677	2	9	10	0.059029901	1	0		
1	678	2	9	10	0.056012661	1	0		
1	679	2	9	10	0.267913965	1	0		
1	680	2	9	10	0.694733922	1	0		
1	681	2	9	10	5.054144976	1	0		
1	682	2	9	10	1.697593152	1	0		
1	683	2	9	10	0.108804919	1	0		
1	684	2	9	10	0.287781031	1	0		
1	685	2	9	10	0.18711446	1	0		
1	686	2	9	10	0.181022419	1	0		
1	687	2	9	10	0.210050284	1	0		
1	688	2	9	10	0.27419838	1	0		
1	689	2	9	10	0.990569629	1	0		
1	690	2	9	10	0.52604998	1	0		
1	691	2	9	10	0.203276411	1	0		
1	692	2	9	10	0.022248846	1	0		
1	693	2	9	10	0.050222161	1	0		
1	694	2	9	10	0.023703039	1	0		
1	695	2	9	10	0.032306321	1	0		
1	696	2	9	10	0.076031964	1	0		
1	698	2	9	10	0.003064382	1	0		
1	699	2	9	10	0.010981421	1	0		
1	700	2	9	10	0.023751105	1	0		
1	701	2	9	10	0.007265323	1	0		
1	702	2	9	10	0.028845391	1	0		
1	703	2	9	10	0.02642362	1	0		
1	706	2	9	10	0.025517677	1	0		
1	707	2	9	10	0.026959824	1	0		
1	708	2	9	10	0.004326415	1	0		
1	711	2	9	10	0.00046588	1	0		
1	712	2	9	10	0.001397641	1	0		
1	714	2	9	10	0.538146507	1	0		
1	715	2	9	10	0.604455169	1	0		
1	716	2	9	10	0.198925123	1	0		
1	717	2	9	10	0.102750371	1	0		
1	718	2	9	10	0.075866618	1	0		
1	719	2	9	10	0.16291585	1	0		
1	720	2	9	10	0.363898285	1	0		
1	721	2	9	10	3.915250465	1	0		
1	722	2	9	10	7.736844034	1	0		
1	723	2	9	10	13.53924509	1	0		
1	724	2	9	10	21.32245093	1	0		
1	725	2	9	10	23.10095553	1	0		
1	726	2	9	10	24.39065431	1	0		
1	727	2	9	10	22.64058503	1	0		
1	728	2	9	10	17.8507261	1	0		
1	729	2	9	10	8.544226794	1	0		
1	730	2	9	10	4.226854798	1	0		
1	731	2	9	10	1.923685464	1	0		
1	732	2	9	10	1.634726345	1	0		
1	733	2	9	10	1.693445189	1	0		
1	734	2	9	10	1.651864138	1	0		
1	735	2	9	10	2.349356895	1	0		
1	736	2	9	10	3.785923999	1	0		
1	737	2	9	10	2.963656261	1	0		
1	738	2	9	10	3.104337971	1	0		
1	739	2	9	10	6.523781957	1	0		
1	740	2	9	10	13.22198984	1	0		
1	741	2	9	10	18.65515258	1	0		
1	742	2	9	10	7.427605264	1	0		
1	743	2	9	10	1.223170073	1	0		
1	744	2	9	10	0.041842563	1	0		
1	745	2	9	10	0.292782054	1	0		
1	746	2	9	10	0.19954373	1	0		
1	747	2	9	10	0.193880241	1	0		
1	748	2	9	10	0.275791157	1	0		
1	749	2	9	10	0.000512237	1	0		
1	750	2	9	10	0.252585815	1	0		
1	751	2	9	10	0.266040881	1	0		
1	752	2	9	10	0.04087764	1	0		
1	753	2	9	10	0.088223491	1	0		
1	754	2	9	10	0.357158776	1	0		
1	755	2	9	10	0.336891641	1	0		
1	756	2	9	10	0.027422266	1	0		
1	757	2	9	10	0.026805531	1	0		
1	758	2	9	10	0.029465751	1	0		
1	759	2	9	10	0.046735266	1	0		
1	760	2	9	10	0.07861407	1	0		
1	761	2	9	10	0.321986055	1	0		
1	762	2	9	10	0.130254673	1	0		
1	763	2	9	10	0.025405883	1	0		
1	764	2	9	10	0.007439722	1	0		
1	765	2	9	10	0.001581183	1	0		
1	766	2	9	10	0.00166507	1	0		
1	767	2	9	10	0.011897706	1	0		
1	768	2	9	10	0.032279089	1	0		
1	770	2	9	10	0.005733511	1	0		
1	771	2	9	10	0.007534468	1	0		
1	772	2	9	10	0.005402872	1	0		
1	773	2	9	10	0.042305982	1	0		
1	774	2	9	10	0.034818873	1	0		
1	775	2	9	10	0.258322832	1	0		
1	776	2	9	10	0.71281794	1	0		
1	777	2	9	10	3.215277238	1	0		
1	778	2	9	10	1.072634455	1	0		
1	779	2	9	10	0.089681833	1	0		
1	780	2	9	10	0.266417645	1	0		
1	781	2	9	10	0.255978955	1	0		
1	782	2	9	10	0.309980645	1	0		
1	783	2	9	10	1.176912381	1	0		
1	784	2	9	10	2.856772708	1	0		
1	785	2	9	10	5.470947027	1	0		
1	786	2	9	10	3.316051865	1	0		
1	787	2	9	10	1.603791139	1	0		
1	788	2	9	10	0.334167602	1	0		
1	789	2	9	10	0.201246666	1	0		
1	790	2	9	10	0.225650542	1	0		
1	791	2	9	10	0.196094592	1	0		
1	792	2	9	10	0.11257887	1	0		
1	795	2	9	10	0.006086333	1	0		
1	796	2	9	10	0.018258995	1	0		
1	797	2	9	10	0.045423368	1	0		
1	798	2	9	10	0.032848092	1	0		
1	799	2	9	10	0.021031306	1	0		
1	800	2	9	10	0.009972984	1	0		
1	801	2	9	10	0.001223957	1	0		
1	802	2	9	10	0.000407986	1	0		
1	803	2	9	10	0.000774188	1	0		
1	804	2	9	10	0.002322562	1	0		
1	814	2	9	10	1.094526033	1	0		
1	815	2	9	10	4.123556005	1	0		
1	816	2	9	10	9.087092613	1	0		
1	817	2	9	10	6.113080201	1	0		
1	818	2	9	10	9.066042604	1	0		
1	819	2	9	10	16.93320572	1	0		
1	820	2	9	10	29.71456417	1	0		
1	821	2	9	10	21.69881021	1	0		
1	822	2	9	10	18.23569527	1	0		
1	823	2	9	10	15.2237745	1	0		
1	824	2	9	10	12.66303711	1	0		
1	825	2	9	10	8.837443388	1	0		
1	826	2	9	10	14.20638796	1	0		
1	827	2	9	10	13.45780712	1	0		
1	828	2	9	10	6.591706269	1	0		
1	829	2	9	10	5.824233291	1	0		
1	830	2	9	10	6.030865404	1	0		
1	831	2	9	10	6.645388648	1	0		
1	832	2	9	10	7.667813814	1	0		
1	833	2	9	10	8.614362921	1	0		
1	834	2	9	10	5.815472344	1	0		
1	835	2	9	10	6.517691373	1	0		
1	836	2	9	10	10.72101461	1	0		
1	837	2	9	10	8.614443842	1	0		
1	838	2	9	10	4.19335065	1	0		
1	839	2	9	10	2.019363744	1	0		
1	840	2	9	10	2.092480428	1	0		
1	841	2	9	10	2.312692548	1	0		
1	842	2	9	10	1.321616359	1	0		
1	843	2	9	10	1.004588763	1	0		
1	844	2	9	10	1.361609758	1	0		
1	845	2	9	10	0.199175597	1	0		
1	846	2	9	10	0.263548435	1	0		
1	847	2	9	10	0.210469612	1	0		
1	848	2	9	10	0.039939026	1	0		
1	849	2	9	10	0.347992473	1	0		
1	850	2	9	10	0.232542289	1	0		
1	851	2	9	10	0.120115927	1	0		
1	852	2	9	10	0.010713494	1	0		
1	853	2	9	10	0.009982689	1	0		
1	854	2	9	10	0.008720455	1	0		
1	855	2	9	10	0.010683716	1	0		
1	856	2	9	10	0.015872468	1	0		
1	857	2	9	10	0.23686299	1	0		
1	858	2	9	10	0.087645398	1	0		
1	859	2	9	10	0.014994981	1	0		
1	860	2	9	10	0.018911691	1	0		
1	861	2	9	10	0.001499502	1	0		
1	862	2	9	10	0.000499834	1	0		
1	865	2	9	10	0.003917303	1	0		
1	866	2	9	10	0.008345449	1	0		
1	867	2	9	10	0.019046795	1	0		
1	868	2	9	10	0.036021372	1	0		
1	869	2	9	10	0.002984114	1	0		
1	870	2	9	10	0.000994705	1	0		
1	871	2	9	10	0.023672472	1	0		
1	872	2	9	10	0.071017401	1	0		
1	875	2	9	10	0.007286324	1	0		
1	876	2	9	10	0.021858967	1	0		
1	877	2	9	10	0.134133496	1	0		
1	878	2	9	10	0.329535089	1	0		
1	879	2	9	10	1.729928276	1	0		
1	880	2	9	10	4.335311437	1	0		
1	881	2	9	10	7.627472459	1	0		
1	882	2	9	10	15.44061873	1	0		
1	883	2	9	10	13.98467235	1	0		
1	884	2	9	10	3.259630072	1	0		
1	885	2	9	10	2.819321278	1	0		
1	886	2	9	10	1.783723942	1	0		
1	887	2	9	10	0.915297774	1	0		
1	888	2	9	10	0.214042773	1	0		
1	889	2	9	10	0.010017328	1	0		
1	890	2	9	10	0.019769579	1	0		
1	891	2	9	10	0.060557888	1	0		
1	892	2	9	10	0.132382224	1	0		
1	893	2	9	10	0.07126178	1	0		
1	894	2	9	10	0.395623594	1	0		
1	895	2	9	10	0.418764686	1	0		
1	896	2	9	10	0.140684894	1	0		
1	897	2	9	10	0.06121566	1	0		
1	898	2	9	10	0.020405227	1	0		
1	903	2	9	10	0.000478997	1	0		
1	904	2	9	10	0.001436992	1	0		
1	909	2	9	10	0.002182953	1	0		
1	910	2	9	10	2.498890183	1	0		
1	911	2	9	10	13.06785328	1	0		
1	912	2	9	10	31.70906063	1	0		
1	913	2	9	10	22.23204114	1	0		
1	914	2	9	10	27.12944825	1	0		
1	915	2	9	10	30.49061467	1	0		
1	916	2	9	10	32.31551345	1	0		
1	917	2	9	10	14.17322691	1	0		
1	918	2	9	10	10.68340296	1	0		
1	919	2	9	10	7.552168235	1	0		
1	920	2	9	10	4.77951896	1	0		
1	921	2	9	10	5.535979795	1	0		
1	922	2	9	10	17.58533523	1	0		
1	923	2	9	10	18.86681253	1	0		
1	924	2	9	10	9.380379338	1	0		
1	925	2	9	10	9.242356661	1	0		
1	926	2	9	10	10.30673079	1	0		
1	927	2	9	10	10.10189511	1	0		
1	928	2	9	10	8.627854996	1	0		
1	929	2	9	10	7.715745473	1	0		
1	930	2	9	10	4.079571628	1	0		
1	931	2	9	10	2.319448295	1	0		
1	932	2	9	10	2.435377094	1	0		
1	933	2	9	10	1.394305245	1	0		
1	934	2	9	10	2.633597835	1	0		
1	935	2	9	10	3.377144365	1	0		
1	936	2	9	10	3.624942678	1	0		
1	937	2	9	10	3.041631386	1	0		
1	938	2	9	10	1.571348662	1	0		
1	939	2	9	10	1.420760716	1	0		
1	940	2	9	10	2.589868086	1	0		
1	941	2	9	10	0.622328795	1	0		
1	942	2	9	10	0.444896099	1	0		
1	943	2	9	10	0.324266922	1	0		
1	944	2	9	10	0.26044132	1	0		
1	945	2	9	10	0.715534697	1	0		
1	946	2	9	10	0.527618319	1	0		
1	947	2	9	10	0.305872872	1	0		
1	948	2	9	10	0.050298404	1	0		
1	949	2	9	10	0.387841565	1	0		
1	950	2	9	10	0.399841473	1	0		
1	951	2	9	10	0.270560915	1	0		
1	954	2	9	10	0.115633387	1	0		
1	955	2	9	10	0.122367879	1	0		
1	956	2	9	10	0.020203526	1	0		
1	961	2	9	10	0.00627074	1	0		
1	962	2	9	10	0.002090248	1	0		
1	963	2	9	10	0.015681054	1	0		
1	964	2	9	10	0.047043156	1	0		
1	974	2	9	10	0.075669658	1	0		
1	975	2	9	10	3.514987939	1	0		
1	976	2	9	10	10.31795711	1	0		
1	977	2	9	10	6.445764214	1	0		
1	978	2	9	10	21.38108022	1	0		
1	979	2	9	10	20.90628437	1	0		
1	980	2	9	10	5.021380976	1	0		
1	981	2	9	10	6.49317259	1	0		
1	982	2	9	10	7.382851067	1	0		
1	983	2	9	10	6.139573434	1	0		
1	984	2	9	10	2.763338611	1	0		
1	985	2	9	10	1.226392311	1	0		
1	986	2	9	10	1.696416035	1	0		
1	987	2	9	10	1.828829872	1	0		
1	988	2	9	10	1.623631124	1	0		
1	989	2	9	10	10.01815901	1	0		
1	990	2	9	10	6.127829234	1	0		
1	991	2	9	10	3.432208858	1	0		
1	992	2	9	10	1.931308136	1	0		
1	993	2	9	10	0.442639669	1	0		
1	994	2	9	10	0.690465657	1	0		
1	995	2	9	10	0.542919227	1	0		
1	999	2	9	10	0.001131284	1	0		
1	1000	2	9	10	0.003393853	1	0		
1	1001	2	9	10	0.000428654	1	0		
1	1002	2	9	10	0.000142885	1	0		
1	1005	2	9	10	0.00349443	1	0		
1	1006	2	9	10	1.876231774	1	0		
1	1007	2	9	10	14.24883324	1	0		
1	1008	2	9	10	37.12128666	1	0		
1	1009	2	9	10	41.65619879	1	0		
1	1010	2	9	10	52.09103685	1	0		
1	1011	2	9	10	49.50876932	1	0		
1	1012	2	9	10	33.90942856	1	0		
1	1013	2	9	10	26.69218313	1	0		
1	1014	2	9	10	17.24072359	1	0		
1	1015	2	9	10	10.06928971	1	0		
1	1016	2	9	10	5.17786476	1	0		
1	1017	2	9	10	9.463505836	1	0		
1	1018	2	9	10	11.97401884	1	0		
1	1019	2	9	10	10.5767557	1	0		
1	1020	2	9	10	5.271719641	1	0		
1	1021	2	9	10	6.876086391	1	0		
1	1022	2	9	10	7.814041787	1	0		
1	1023	2	9	10	7.45488612	1	0		
1	1024	2	9	10	5.7986086	1	0		
1	1025	2	9	10	0.842046223	1	0		
1	1026	2	9	10	0.815436466	1	0		
1	1027	2	9	10	0.802362479	1	0		
1	1028	2	9	10	0.802824802	1	0		
1	1029	2	9	10	1.34564099	1	0		
1	1030	2	9	10	1.542706192	1	0		
1	1031	2	9	10	1.68575023	1	0		
1	1032	2	9	10	1.774772024	1	0		
1	1033	2	9	10	0.869202462	1	0		
1	1034	2	9	10	0.289734226	1	0		
1	1035	2	9	10	0.670806934	1	0		
1	1036	2	9	10	2.012421341	1	0		
1	1037	2	9	10	0.713566721	1	0		
1	1038	2	9	10	0.50657241	1	0		
1	1039	2	9	10	0.436806303	1	0		
1	1040	2	9	10	0.504267914	1	0		
1	1041	2	9	10	1.007941551	1	0		
1	1042	2	9	10	1.266019411	1	0		
1	1043	2	9	10	1.168636955	1	0		
1	1044	2	9	10	0.715792562	1	0		
1	1045	2	9	10	0.981848603	1	0		
1	1046	2	9	10	0.922243414	1	0		
1	1047	2	9	10	0.594960546	1	0		
1	1050	2	9	10	0.170573371	1	0		
1	1051	2	9	10	0.170573371	1	0		
1	1070	2	9	10	0.047584085	1	0		
1	1071	2	9	10	6.964677691	1	0		
1	1072	2	9	10	20.75127927	1	0		
1	1073	2	9	10	7.616575222	1	0		
1	1074	2	9	10	6.354588867	1	0		
1	1075	2	9	10	4.507293034	1	0		
1	1076	2	9	10	2.074688801	1	0		
1	1077	2	9	10	5.764320067	1	0		
1	1078	2	9	10	13.13663534	1	0		
1	1079	2	9	10	17.62746222	1	0		
1	1080	2	9	10	19.23682228	1	0		
1	1081	2	9	10	21.11449173	1	0		
1	1082	2	9	10	20.34911188	1	0		
1	1083	2	9	10	20.23378459	1	0		
1	1084	2	9	10	20.76852064	1	0		
1	1085	2	9	10	44.35186232	1	0		
1	1086	2	9	10	20.26956745	1	0		
1	1087	2	9	10	7.003718931	1	0		
1	1088	2	9	10	4.554307598	1	0		
1	1089	2	9	10	0.739398028	1	0		
1	1090	2	9	10	1.399255936	1	0		
1	1091	2	9	10	1.152789567	1	0		
1	1095	2	9	10	0.00077398	1	0		
1	1096	2	9	10	0.00232194	1	0		
1	1097	2	9	10	0.001316609	1	0		
1	1098	2	9	10	0.00043887	1	0		
1	1102	2	9	10	1.397012292	1	0		
1	1103	2	9	10	5.152120307	1	0		
1	1104	2	9	10	11.26532081	1	0		
1	1105	2	9	10	29.20074865	1	0		
1	1106	2	9	10	38.04590103	1	0		
1	1107	2	9	10	37.30195421	1	0		
1	1108	2	9	10	26.96897295	1	0		
1	1109	2	9	10	26.1592489	1	0		
1	1110	2	9	10	16.20576121	1	0		
1	1111	2	9	10	9.438717319	1	0		
1	1112	2	9	10	5.858133409	1	0		
1	1113	2	9	10	8.163093234	1	0		
1	1114	2	9	10	10.70224116	1	0		
1	1115	2	9	10	9.780593852	1	0		
1	1116	2	9	10	5.398156721	1	0		
1	1117	2	9	10	2.129716611	1	0		
1	1118	2	9	10	2.163042195	1	0		
1	1119	2	9	10	2.186654134	1	0		
1	1120	2	9	10	2.200550269	1	0		
1	1121	2	9	10	0.053105958	1	0		
1	1122	2	9	10	0.989068831	1	0		
1	1123	2	9	10	1.23832964	1	0		
1	1124	2	9	10	0.800887575	1	0		
1	1125	2	9	10	0.352480408	1	0		
1	1126	2	9	10	0.452316254	1	0		
1	1127	2	9	10	0.583727221	1	0		
1	1128	2	9	10	0.746713742	1	0		
1	1129	2	9	10	0.491521977	1	0		
1	1130	2	9	10	0.163840659	1	0		
1	1131	2	9	10	0.020345902	1	0		
1	1132	2	9	10	0.061037744	1	0		
1	1133	2	9	10	0.229045841	1	0		
1	1134	2	9	10	0.098050641	1	0		
1	1135	2	9	10	0.196231239	1	0		
1	1136	2	9	10	0.523587259	1	0		
1	1137	2	9	10	1.627843823	1	0		
1	1138	2	9	10	2.434744299	1	0		
1	1139	2	9	10	2.561281181	1	0		
1	1140	2	9	10	2.007453928	1	0		
1	1141	2	9	10	0.84273782	1	0		
1	1142	2	9	10	4.097319558	1	0		
1	1143	2	9	10	3.843043323	1	0		
1	1144	2	9	10	0.079911812	1	0		
1	1158	2	9	10	5.22E-05	1	0		
1	1159	2	9	10	5.22E-05	1	0		
1	1167	2	9	10	3.474766345	1	0		
1	1168	2	9	10	10.42430227	1	0		
1	1169	2	9	10	3.071107333	1	0		
1	1170	2	9	10	4.414818649	1	0		
1	1171	2	9	10	5.237138716	1	0		
1	1172	2	9	10	5.538067533	1	0		
1	1173	2	9	10	5.64059327	1	0		
1	1174	2	9	10	10.62064135	1	0		
1	1175	2	9	10	25.18205266	1	0		
1	1176	2	9	10	49.32480023	1	0		
1	1177	2	9	10	73.19242493	1	0		
1	1178	2	9	10	65.324458	1	0		
1	1179	2	9	10	64.02709339	1	0		
1	1180	2	9	10	69.30043898	1	0		
1	1181	2	9	10	83.15881127	1	0		
1	1182	2	9	10	30.09047029	1	0		
1	1183	2	9	10	3.233556005	1	0		
1	1184	2	9	10	2.588027424	1	0		
1	1185	2	9	10	0.007383968	1	0		
1	1186	2	9	10	0.002461322	1	0		
1	1193	2	9	10	0.020010213	1	0		
1	1194	2	9	10	0.006670075	1	0		
1	1198	2	9	10	6.026986635	1	0		
1	1199	2	9	10	11.52202087	1	0		
1	1200	2	9	10	16.48509192	1	0		
1	1201	2	9	10	20.95876913	1	0		
1	1202	2	9	10	25.44437936	1	0		
1	1203	2	9	10	28.10353715	1	0		
1	1204	2	9	10	28.93621553	1	0		
1	1205	2	9	10	7.151117547	1	0		
1	1206	2	9	10	6.962460481	1	0		
1	1207	2	9	10	6.59662621	1	0		
1	1208	2	9	10	6.053614734	1	0		
1	1209	2	9	10	1.569281424	1	0		
1	1210	2	9	10	1.968263795	1	0		
1	1211	2	9	10	3.211700571	1	0		
1	1212	2	9	10	5.299592831	1	0		
1	1213	2	9	10	3.377395217	1	0		
1	1214	2	9	10	1.820109924	1	0		
1	1215	2	9	10	0.765783907	1	0		
1	1216	2	9	10	0.214417433	1	0		
1	1217	2	9	10	1.000466154	1	0		
1	1218	2	9	10	1.490245706	1	0		
1	1219	2	9	10	1.69433585	1	0		
1	1220	2	9	10	1.612738202	1	0		
1	1221	2	9	10	0.856488839	1	0		
1	1222	2	9	10	0.979080597	1	0		
1	1223	2	9	10	1.369943987	1	0		
1	1224	2	9	10	2.029081167	1	0		
1	1225	2	9	10	1.441725489	1	0		
1	1226	2	9	10	0.519792916	1	0		
1	1227	2	9	10	0.050609239	1	0		
1	1228	2	9	10	0.034174383	1	0		
1	1229	2	9	10	0.307013953	1	0		
1	1230	2	9	10	0.871794062	1	0		
1	1231	2	9	10	2.073523012	1	0		
1	1232	2	9	10	3.912200318	1	0		
1	1233	2	9	10	2.849893423	1	0		
1	1234	2	9	10	3.543947616	1	0		
1	1235	2	9	10	3.232257507	1	0		
1	1236	2	9	10	1.914824716	1	0		
1	1237	2	9	10	0.436803713	1	0		
1	1238	2	9	10	12.72802132	1	0		
1	1239	2	9	10	12.66351723	1	0		
1	1240	2	9	10	0.243293115	1	0		
1	1254	2	9	10	0.00021996	1	0		
1	1255	2	9	10	0.00021996	1	0		
1	1263	2	9	10	4.391301117	1	0		
1	1264	2	9	10	13.17390173	1	0		
1	1265	2	9	10	7.551078512	1	0		
1	1266	2	9	10	7.99790299	1	0		
1	1267	2	9	10	8.713932378	1	0		
1	1268	2	9	10	9.699155888	1	0		
1	1269	2	9	10	13.20667436	1	0		
1	1270	2	9	10	14.29196364	1	0		
1	1271	2	9	10	23.57021105	1	0		
1	1272	2	9	10	41.04143818	1	0		
1	1273	2	9	10	87.51004562	1	0		
1	1274	2	9	10	75.20609406	1	0		
1	1275	2	9	10	72.22877471	1	0		
1	1276	2	9	10	78.57814153	1	0		
1	1277	2	9	10	66.66346948	1	0		
1	1278	2	9	10	22.26611928	1	0		
1	1279	2	9	10	0.044949883	1	0		
1	1281	2	9	10	0.000534814	1	0		
1	1282	2	9	10	0.000178271	1	0		
1	1289	2	9	10	0.090869308	1	0		
1	1290	2	9	10	0.030289755	1	0		
1	1294	2	9	10	9.026618343	1	0		
1	1295	2	9	10	17.3906631	1	0		
1	1296	2	9	10	25.09211269	1	0		
1	1297	2	9	10	11.6870277	1	0		
1	1298	2	9	10	5.896084924	1	0		
1	1299	2	9	10	5.862076914	1	0		
1	1300	2	9	10	11.58500366	1	0		
1	1301	2	9	10	10.10725741	1	0		
1	1302	2	9	10	7.71447233	1	0		
1	1303	2	9	10	6.366063334	1	0		
1	1304	2	9	10	6.062041212	1	0		
1	1305	2	9	10	5.347399333	1	0		
1	1306	2	9	10	4.409584739	1	0		
1	1307	2	9	10	3.747567883	1	0		
1	1308	2	9	10	3.361348766	1	0		
1	1309	2	9	10	4.511228447	1	0		
1	1310	2	9	10	3.039823092	1	0		
1	1311	2	9	10	1.860436714	1	0		
1	1312	2	9	10	0.973067696	1	0		
1	1313	2	9	10	3.933914411	1	0		
1	1314	2	9	10	5.325362638	1	0		
1	1315	2	9	10	5.212482368	1	0		
1	1316	2	9	10	3.595275759	1	0		
1	1317	2	9	10	0.145219385	1	0		
1	1318	2	9	10	1.316510302	1	0		
1	1319	2	9	10	1.324635757	1	0		
1	1320	2	9	10	0.169594508	1	0		
1	1321	2	9	10	0.076226388	1	0		
1	1322	2	9	10	0.192602513	1	0		
1	1323	2	9	10	0.268838288	1	0		
1	1324	2	9	10	0.304933498	1	0		
1	1325	2	9	10	1.535210835	1	0		
1	1326	2	9	10	4.505610435	1	0		
1	1327	2	9	10	8.914414565	1	0		
1	1328	2	9	10	14.76161837	1	0		
1	1329	2	9	10	6.204708701	1	0		
1	1330	2	9	10	8.928645709	1	0		
1	1331	2	9	10	8.538454495	1	0		
1	1332	2	9	10	5.034122652	1	0		
1	1333	2	9	10	10.95410759	1	0		
1	1334	2	9	10	15.36650133	1	0		
1	1335	2	9	10	11.73050875	1	0		
1	1336	2	9	10	0.04612617	1	0		
1	1359	2	9	10	5.938751383	1	0		
1	1360	2	9	10	17.81625415	1	0		
1	1361	2	9	10	34.70892431	1	0		
1	1362	2	9	10	14.48429448	1	0		
1	1363	2	9	10	5.063533863	1	0		
1	1364	2	9	10	6.446632756	1	0		
1	1365	2	9	10	5.168008155	1	0		
1	1366	2	9	10	15.603964	1	0		
1	1367	2	9	10	20.19036288	1	0		
1	1368	2	9	10	18.92723285	1	0		
1	1369	2	9	10	44.39104382	1	0		
1	1370	2	9	10	42.56075038	1	0		
1	1371	2	9	10	36.68873108	1	0		
1	1372	2	9	10	26.77499673	1	0		
1	1375	2	9	10	0.002357841	1	0		
1	1376	2	9	10	0.007073521	1	0		
1	1379	2	9	10	4.05E-05	1	0		
1	1380	2	9	10	0.000121365	1	0		
1	1385	2	9	10	0.078573394	1	0		
1	1386	2	9	10	0.026191142	1	0		
1	1387	2	9	10	0.008308663	1	0		
1	1388	2	9	10	0.024925984	1	0		
1	1390	2	9	10	5.226295965	1	0		
1	1391	2	9	10	8.523306257	1	0		
1	1392	2	9	10	9.891028178	1	0		
1	1393	2	9	10	4.086293928	1	0		
1	1394	2	9	10	4.165197476	1	0		
1	1395	2	9	10	5.210680548	1	0		
1	1396	2	9	10	7.222747999	1	0		
1	1397	2	9	10	1.533371252	1	0		
1	1398	2	9	10	2.213173801	1	0		
1	1399	2	9	10	2.248650242	1	0		
1	1400	2	9	10	1.639802192	1	0		
1	1401	2	9	10	4.837237632	1	0		
1	1402	2	9	10	5.859476682	1	0		
1	1403	2	9	10	7.981017667	1	0		
1	1404	2	9	10	11.20186329	1	0		
1	1405	2	9	10	7.46630664	1	0		
1	1406	2	9	10	9.71547477	1	0		
1	1407	2	9	10	8.478929687	1	0		
1	1408	2	9	10	3.756679483	1	0		
1	1409	2	9	10	1.539194261	1	0		
1	1410	2	9	10	0.957567185	1	0		
1	1411	2	9	10	1.243252278	1	0		
1	1412	2	9	10	2.396248461	1	0		
1	1413	2	9	10	0.491763173	1	0		
1	1414	2	9	10	0.16422066	1	0		
1	1415	2	9	10	0.000299567	1	0		
1	1417	2	9	10	0.158478355	1	0		
1	1418	2	9	10	0.065725066	1	0		
1	1419	2	9	10	0.387882079	1	0		
1	1420	2	9	10	1.124949284	1	0		
1	1421	2	9	10	1.66558171	1	0		
1	1422	2	9	10	6.694356084	1	0		
1	1423	2	9	10	9.347423289	1	0		
1	1424	2	9	10	9.624784943	1	0		
1	1425	2	9	10	3.149066813	1	0		
1	1426	2	9	10	41.20279281	1	0		
1	1427	2	9	10	51.8809036	1	0		
1	1428	2	9	10	35.18341266	1	0		
1	1429	2	9	10	67.8160411	1	0		
1	1430	2	9	10	31.07381645	1	0		
1	1431	2	9	10	8.468474813	1	0		
1	1455	2	9	10	0.003347619	1	0		
1	1456	2	9	10	0.010042861	1	0		
1	1457	2	9	10	26.80046498	1	0		
1	1458	2	9	10	20.37458013	1	0		
1	1459	2	9	10	13.40342344	1	0		
1	1460	2	9	10	5.887000297	1	0		
1	1461	2	9	10	6.405347333	1	0		
1	1462	2	9	10	28.16589956	1	0		
1	1463	2	9	10	34.82155966	1	0		
1	1464	2	9	10	26.37234383	1	0		
1	1465	2	9	10	22.87427142	1	0		
1	1466	2	9	10	30.54865595	1	0		
1	1467	2	9	10	23.79488295	1	0		
1	1468	2	9	10	2.612944334	1	0		
1	1471	2	9	10	0.034619858	1	0		
1	1472	2	9	10	0.103859569	1	0		
1	1475	2	9	10	0.000593997	1	0		
1	1476	2	9	10	0.001781992	1	0		
1	1483	2	9	10	0.121994999	1	0		
1	1484	2	9	10	0.365985052	1	0		
1	1486	2	9	10	2.178879873	1	0		
1	1487	2	9	10	2.356608413	1	0		
1	1488	2	9	10	0.533186969	1	0		
1	1489	2	9	10	3.04892714	1	0		
1	1490	2	9	10	7.155454863	1	0		
1	1491	2	9	10	7.4966193	1	0		
1	1492	2	9	10	4.072415596	1	0		
1	1493	2	9	10	1.089157256	1	0		
1	1494	2	9	10	1.323730531	1	0		
1	1495	2	9	10	2.106054501	1	0		
1	1496	2	9	10	3.436128627	1	0		
1	1497	2	9	10	22.42733905	1	0		
1	1498	2	9	10	16.25443194	1	0		
1	1499	2	9	10	10.18448214	1	0		
1	1500	2	9	10	4.217503135	1	0		
1	1501	2	9	10	21.94480724	1	0		
1	1502	2	9	10	14.38480055	1	0		
1	1503	2	9	10	7.462287609	1	0		
1	1504	2	9	10	1.17726789	1	0		
1	1505	2	9	10	0.170087689	1	0		
1	1506	2	9	10	0.271073355	1	0		
1	1507	2	9	10	5.550437515	1	0		
1	1508	2	9	10	16.00817057	1	0		
1	1509	2	9	10	5.689285577	1	0		
1	1510	2	9	10	1.90082824	1	0		
1	1511	2	9	10	0.004398501	1	0		
1	1513	2	9	10	0.00110426	1	0		
1	1514	2	9	10	0.001365687	1	0		
1	1515	2	9	10	0.127651906	1	0		
1	1516	2	9	10	0.379962916	1	0		
1	1517	2	9	10	0.276099571	1	0		
1	1518	2	9	10	2.011674719	1	0		
1	1519	2	9	10	3.439394022	1	0		
1	1520	2	9	10	4.559258828	1	0		
1	1521	2	9	10	9.488974081	1	0		
1	1522	2	9	10	8.245928419	1	0		
1	1523	2	9	10	8.957485624	1	0		
1	1524	2	9	10	11.6236457	1	0		
1	1525	2	9	10	0.361320981	1	0		
1	1526	2	9	10	0.120440309	1	0		
1	1554	2	9	10	0.868269723	1	0		
1	1555	2	9	10	1.641727011	1	0		
1	1556	2	9	10	2.320372942	1	0		
1	1557	2	9	10	1.567213646	1	0		
1	1558	2	9	10	23.40994614	1	0		
1	1559	2	9	10	25.73880436	1	0		
1	1560	2	9	10	8.553786152	1	0		
1	1561	2	9	10	1.079128021	1	0		
1	1562	2	9	10	30.54909291	1	0		
1	1563	2	9	10	30.33180093	1	0		
1	1564	2	9	10	0.427280769	1	0		
1	1579	2	9	10	0.804695135	1	0		
1	1580	2	9	10	2.414085404	1	0		
1	1581	2	9	10	0.701571129	1	0		
1	1582	2	9	10	0.268108551	1	0		
1	1583	2	9	10	0.062549601	1	0		
1	1584	2	9	10	0.084894169	1	0		
1	1585	2	9	10	0.087119202	1	0		
1	1586	2	9	10	4.992536206	1	0		
1	1587	2	9	10	5.149529786	1	0		
1	1588	2	9	10	0.558101991	1	0		
1	1589	2	9	10	2.948727046	1	0		
1	1590	2	9	10	5.775373749	1	0		
1	1591	2	9	10	4.927559543	1	0		
1	1592	2	9	10	0.405295648	1	0		
1	1593	2	9	10	14.33348103	1	0		
1	1594	2	9	10	6.306916152	1	0		
1	1595	2	9	10	3.02729019	1	0		
1	1596	2	9	10	4.494604766	1	0		
1	1597	2	9	10	22.374741	1	0		
1	1598	2	9	10	17.69397313	1	0		
1	1599	2	9	10	10.79535319	1	0		
1	1600	2	9	10	1.67889522	1	0		
1	1601	2	9	10	0.641574287	1	0		
1	1602	2	9	10	2.400368911	1	0		
1	1603	2	9	10	3.525482733	1	0		
1	1604	2	9	10	4.01691737	1	0		
1	1605	2	9	10	12.20468961	1	0		
1	1606	2	9	10	5.297638341	1	0		
1	1607	2	9	10	1.41502564	1	0		
1	1608	2	9	10	0.556852046	1	0		
1	1609	2	9	10	0.632490199	1	0		
1	1610	2	9	10	0.83410203	1	0		
1	1611	2	9	10	0.831886438	1	0		
1	1612	2	9	10	0.625844503	1	0		
1	1613	2	9	10	0.499880643	1	0		
1	1614	2	9	10	1.030974642	1	0		
1	1615	2	9	10	1.482226527	1	0		
1	1616	2	9	10	1.853636731	1	0		
1	1617	2	9	10	3.404903727	1	0		
1	1618	2	9	10	1.987836204	1	0		
1	1619	2	9	10	0.852868474	1	0		
1	1638	2	9	10	0.018133342	1	0		
1	1639	2	9	10	0.018133342	1	0		
1	1650	2	9	10	0.249992164	1	0		
1	1651	2	9	10	1.076829352	1	0		
1	1652	2	9	10	2.480512694	1	0		
1	1653	2	9	10	7.856201147	1	0		
1	1654	2	9	10	5.774818098	1	0		
1	1655	2	9	10	3.343482692	1	0		
1	1656	2	9	10	0.562195468	1	0		
1	1657	2	9	10	0.070925476	1	0		
1	1658	2	9	10	9.191625168	1	0		
1	1659	2	9	10	9.337130255	1	0		
1	1660	2	9	10	0.50744106	1	0		
1	1675	2	9	10	0.062530072	1	0		
1	1676	2	9	10	0.187590162	1	0		
1	1677	2	9	10	0.091443247	1	0		
1	1678	2	9	10	0.032732252	1	0		
1	1679	2	9	10	0.004111059	1	0		
1	1680	2	9	10	0.00557965	1	0		
1	1681	2	9	10	0.006560962	1	0		
1	1682	2	9	10	0.385388284	1	0		
1	1683	2	9	10	0.418642443	1	0		
1	1684	2	9	10	0.106323748	1	0		
1	1685	2	9	10	0.195075215	1	0		
1	1686	2	9	10	0.451900487	1	0		
1	1687	2	9	10	0.428112304	1	0		
1	1688	2	9	10	0.123710397	1	0		
1	1689	2	9	10	2.939524275	1	0		
1	1690	2	9	10	3.539257488	1	0		
1	1691	2	9	10	3.210227286	1	0		
1	1692	2	9	10	1.952433131	1	0		
1	1693	2	9	10	18.94606026	1	0		
1	1694	2	9	10	17.55719662	1	0		
1	1695	2	9	10	16.1940224	1	0		
1	1696	2	9	10	14.8565592	1	0		
1	1697	2	9	10	0.208427999	1	0		
1	1698	2	9	10	4.547001054	1	0		
1	1699	2	9	10	6.189339281	1	0		
1	1700	2	9	10	5.135441061	1	0		
1	1701	2	9	10	4.962074113	1	0		
1	1702	2	9	10	3.375163981	1	0		
1	1703	2	9	10	3.432772062	1	0		
1	1704	2	9	10	5.134900515	1	0		
1	1705	2	9	10	2.007936211	1	0		
1	1706	2	9	10	0.851876934	1	0		
1	1707	2	9	10	0.93515664	1	0		
1	1708	2	9	10	2.257774789	1	0		
1	1709	2	9	10	0.655386265	1	0		
1	1710	2	9	10	9.338705499	1	0		
1	1711	2	9	10	10.4048383	1	0		
1	1712	2	9	10	3.853797062	1	0		
1	1713	2	9	10	10.83963266	1	0		
1	1714	2	9	10	3.684825692	1	0		
1	1715	2	9	10	0.07161621	1	0		
1	1734	2	9	10	1.137876536	1	0		
1	1735	2	9	10	1.137876536	1	0		
1	1746	2	9	10	0.02723281	1	0		
1	1747	2	9	10	0.284030871	1	0		
1	1748	2	9	10	0.770394193	1	0		
1	1749	2	9	10	14.83641549	1	0		
1	1750	2	9	10	20.9528296	1	0		
1	1751	2	9	10	18.24193151	1	0		
1	1752	2	9	10	6.703742813	1	0		
1	1753	2	9	10	2.168482182	1	0		
1	1754	2	9	10	1.831308724	1	0		
1	1755	2	9	10	1.521811549	1	0		
1	1756	2	9	10	1.239989041	1	0		
1	1757	2	9	10	1.298482388	1	0		
1	1758	2	9	10	5.07489612	1	0		
1	1759	2	9	10	4.753632628	1	0		
1	1760	2	9	10	0.334695416	1	0		
1	1771	2	9	10	0.04333118	1	0		
1	1772	2	9	10	0.129993517	1	0		
1	1773	2	9	10	0.008931295	1	0		
1	1774	2	9	10	0.002977099	1	0		
1	1777	2	9	10	0.003436485	1	0		
1	1778	2	9	10	0.035354979	1	0		
1	1779	2	9	10	0.03748635	1	0		
1	1780	2	9	10	0.009830565	1	0		
1	1781	2	9	10	0.00017938	1	0		
1	1782	2	9	10	0.010207857	1	0		
1	1783	2	9	10	0.014715559	1	0		
1	1784	2	9	10	0.013702483	1	0		
1	1785	2	9	10	0.31008638	1	0		
1	1786	2	9	10	5.714937241	1	0		
1	1787	2	9	10	7.775917641	1	0		
1	1788	2	9	10	6.493032328	1	0		
1	1789	2	9	10	2.663427133	1	0		
1	1790	2	9	10	2.382277879	1	0		
1	1791	2	9	10	2.753643847	1	0		
1	1792	2	9	10	3.777522877	1	0		
1	1793	2	9	10	0.023468894	1	0		
1	1794	2	9	10	0.69008857	1	0		
1	1795	2	9	10	4.602470688	1	0		
1	1796	2	9	10	11.76061641	1	0		
1	1797	2	9	10	4.868860119	1	0		
1	1798	2	9	10	2.694598085	1	0		
1	1799	2	9	10	1.521880062	1	0		
1	1800	2	9	10	1.350707666	1	0		
1	1801	2	9	10	0.367636793	1	0		
1	1802	2	9	10	1.036663323	1	0		
1	1803	2	9	10	1.120574745	1	0		
1	1804	2	9	10	0.619370897	1	0		
1	1805	2	9	10	1.734163632	1	0		
1	1806	2	9	10	2.568469581	1	0		
1	1807	2	9	10	2.194731576	1	0		
1	1808	2	9	10	0.612951777	1	0		
1	1809	2	9	10	1.577898873	1	0		
1	1810	2	9	10	0.528162965	1	0		
1	1811	2	9	10	0.002196632	1	0		
1	1827	2	9	10	0.005463627	1	0		
1	1828	2	9	10	0.016390879	1	0		
1	1830	2	9	10	0.25943543	1	0		
1	1831	2	9	10	0.25943543	1	0		
1	1843	2	9	10	0.03365084	1	0		
1	1844	2	9	10	0.100952543	1	0		
1	1845	2	9	10	3.525801558	1	0		
1	1846	2	9	10	6.263100628	1	0		
1	1847	2	9	10	6.86682374	1	0		
1	1848	2	9	10	5.336971432	1	0		
1	1849	2	9	10	1.529224368	1	0		
1	1850	2	9	10	0.533741487	1	0		
1	1851	2	9	10	0.245824942	1	0		
1	1852	2	9	10	0.66547538	1	0		
1	1853	2	9	10	0.296720973	1	0		
1	1854	2	9	10	1.404646831	1	0		
1	1855	2	9	10	1.659766254	1	0		
1	1856	2	9	10	1.062078161	1	0		
1	1865	2	9	10	0.000395908	1	0		
1	1866	2	9	10	0.018646413	1	0		
1	1867	2	9	10	0.128952885	1	0		
1	1868	2	9	10	0.331315385	1	0		
1	1869	2	9	10	0.000578658	1	0		
1	1870	2	9	10	0.091772915	1	0		
1	1871	2	9	10	0.095034588	1	0		
1	1872	2	9	10	0.010363731	1	0		
1	1873	2	9	10	0.001791999	1	0		
1	1874	2	9	10	0.020425916	1	0		
1	1875	2	9	10	0.019828575	1	0		
1	1881	2	9	10	1.141652267	1	0		
1	1882	2	9	10	1.676210831	1	0		
1	1883	2	9	10	2.559950315	1	0		
1	1884	2	9	10	3.792866402	1	0		
1	1885	2	9	10	1.119726703	1	0		
1	1886	2	9	10	0.747369734	1	0		
1	1887	2	9	10	0.508344775	1	0		
1	1888	2	9	10	0.402651126	1	0		
1	1890	2	9	10	0.016113771	1	0		
1	1891	2	9	10	1.471698825	1	0		
1	1892	2	9	10	4.366754821	1	0		
1	1893	2	9	10	4.774819122	1	0		
1	1894	2	9	10	2.752076695	1	0		
1	1895	2	9	10	1.208538105	1	0		
1	1896	2	9	10	0.144202489	1	0		
1	1897	2	9	10	0.042330295	1	0		
1	1898	2	9	10	1.353837655	1	0		
1	1899	2	9	10	3.164991884	1	0		
1	1900	2	9	10	5.475791442	1	0		
1	1901	2	9	10	0.716162637	1	0		
1	1902	2	9	10	0.401204382	1	0		
1	1903	2	9	10	0.169562464	1	0		
1	1904	2	9	10	0.021237145	1	0		
1	1905	2	9	10	2.702032483	1	0		
1	1906	2	9	10	0.900677674	1	0		
1	1911	2	9	10	0.033552388	1	0		
1	1912	2	9	10	0.100657184	1	0		
1	1923	2	9	10	0.001807129	1	0		
1	1924	2	9	10	0.005421386	1	0		
1	1941	2	9	10	0.127529339	1	0		
1	1942	2	9	10	0.533093048	1	0		
1	1943	2	9	10	0.91849142	1	0		
1	1944	2	9	10	1.283724724	1	0		
1	1945	2	9	10	1.925210538	1	0		
1	1946	2	9	10	0.909224992	1	0		
1	1947	2	9	10	0.520380774	1	0		
1	1948	2	9	10	0.758677506	1	0		
1	1949	2	9	10	6.524278267	1	0		
1	1950	2	9	10	6.904381445	1	0		
1	1951	2	9	10	5.646764774	1	0		
1	1952	2	9	10	2.751432571	1	0		
1	1953	2	9	10	0.158439676	1	0		
1	1954	2	9	10	0.052813222	1	0		
1	1961	2	9	10	0.000130949	1	0		
1	1962	2	9	10	0.006167421	1	0		
1	1963	2	9	10	0.055184201	1	0		
1	1964	2	9	10	0.147181265	1	0		
1	1965	2	9	10	0.04751314	1	0		
1	1966	2	9	10	0.151860819	1	0		
1	1967	2	9	10	0.191891927	1	0		
1	1968	2	9	10	0.167606356	1	0		
1	1969	2	9	10	0.138703593	1	0		
1	1970	2	9	10	0.688411906	1	0		
1	1971	2	9	10	0.700880071	1	0		
1	1972	2	9	10	0.176109329	1	0		
1	1973	2	9	10	0.037309744	1	0		
1	1974	2	9	10	0.029258763	1	0		
1	1975	2	9	10	0.022315858	1	0		
1	1976	2	9	10	0.01648103	1	0		
1	1977	2	9	10	0.561281071	1	0		
1	1978	2	9	10	0.228668106	1	0		
1	1979	2	9	10	0.401770553	1	0		
1	1980	2	9	10	1.080588359	1	0		
1	1981	2	9	10	0.470583584	1	0		
1	1982	2	9	10	0.28119063	1	0		
1	1983	2	9	10	0.125993638	1	0		
1	1984	2	9	10	0.004992713	1	0		
1	1987	2	9	10	0.242451384	1	0		
1	1988	2	9	10	0.727354423	1	0		
1	1989	2	9	10	6.214235692	1	0		
1	1990	2	9	10	3.09360743	1	0		
1	1991	2	9	10	1.022194274	1	0		
1	1993	2	9	10	0.043190017	1	0		
1	1994	2	9	10	1.565868215	1	0		
1	1995	2	9	10	4.942954857	1	0		
1	1996	2	9	10	10.17444805	1	0		
1	1997	2	9	10	1.207056189	1	0		
1	1998	2	9	10	0.402352099	1	0		
1	1999	2	9	10	0.125573501	1	0		
1	2000	2	9	10	0.376720503	1	0		
1	2001	2	9	10	1.981266033	1	0		
1	2002	2	9	10	0.666600169	1	0		
1	2003	2	9	10	0.006178226	1	0		
1	2006	2	9	10	0.248044796	1	0		
1	2007	2	9	10	0.259142391	1	0		
1	2008	2	9	10	0.033293001	1	0		
1	2039	2	9	10	0.003792023	1	0		
1	2040	2	9	10	0.011376068	1	0		
1	2041	2	9	10	0.717263689	1	0		
1	2042	2	9	10	0.927200038	1	0		
1	2043	2	9	10	1.42354113	1	0		
1	2044	2	9	10	2.206284805	1	0		
1	2045	2	9	10	5.520529455	1	0		
1	2046	2	9	10	4.866881893	1	0		
1	2047	2	9	10	4.676355033	1	0		
1	2048	2	9	10	4.94894564	1	0		
1	2049	2	9	10	0.117882749	1	0		
1	2050	2	9	10	0.03929425	1	0		
1	2059	2	9	10	0.007097322	1	0		
1	2060	2	9	10	0.021291966	1	0		
1	2061	2	9	10	0.127472695	1	0		
1	2062	2	9	10	0.181765049	1	0		
1	2063	2	9	10	0.244238585	1	0		
1	2064	2	9	10	0.314893572	1	0		
1	2065	2	9	10	1.06381093	1	0		
1	2066	2	9	10	1.771082608	1	0		
1	2067	2	9	10	1.47460925	1	0		
1	2068	2	9	10	0.174388429	1	0		
1	2069	2	9	10	0.016861484	1	0		
1	2070	2	9	10	0.022156737	1	0		
1	2071	2	9	10	0.019019018	1	0		
1	2072	2	9	10	0.007448305	1	0		
1	2073	2	9	10	0.083968336	1	0		
1	2074	2	9	10	0.16342295	1	0		
1	2075	2	9	10	0.18961667	1	0		
1	2076	2	9	10	0.162549822	1	0		
1	2077	2	9	10	0.054042095	1	0		
1	2078	2	9	10	0.018365691	1	0		
1	2079	2	9	10	0.000351658	1	0		
1	2083	2	9	10	0.018068806	1	0		
1	2084	2	9	10	0.054206417	1	0		
1	2085	2	9	10	3.695290816	1	0		
1	2086	2	9	10	1.839740596	1	0		
1	2087	2	9	10	0.60797681	1	0		
1	2089	2	9	10	0.018040813	1	0		
1	2090	2	9	10	1.998981596	1	0		
1	2091	2	9	10	3.607057183	1	0		
1	2092	2	9	10	4.842266006	1	0		
1	2093	2	9	10	1.501188259	1	0		
1	2094	2	9	10	0.500396158	1	0		
1	2095	2	9	10	0.102078519	1	0		
1	2096	2	9	10	0.306235502	1	0		
1	2097	2	9	10	1.323211564	1	0		
1	2098	2	9	10	0.568468932	1	0		
1	2099	2	9	10	0.132747983	1	0		
1	2100	2	9	10	0.016048296	1	0		
1	2102	2	9	10	0.112099445	1	0		
1	2103	2	9	10	0.112099445	1	0		
1	2105	2	9	10	0.002743394	1	0		
1	2106	2	9	10	0.002815256	1	0		
1	2107	2	9	10	0.001900793	1	0		
1	2109	2	9	10	0.002648566	1	0		
1	2110	2	9	10	0.006165516	1	0		
1	2111	2	9	10	0.00528266	1	0		
1	2137	2	9	10	0.00102523	1	0		
1	2138	2	9	10	0.33959653	1	0		
1	2139	2	9	10	1.240482114	1	0		
1	2140	2	9	10	2.703682173	1	0		
1	2141	2	9	10	3.918557938	1	0		
1	2142	2	9	10	1.887704083	1	0		
1	2143	2	9	10	1.390517107	1	0		
1	2144	2	9	10	2.426995393	1	0		
1	2145	2	9	10	0.108908497	1	0		
1	2146	2	9	10	0.065157655	1	0		
1	2147	2	9	10	0.028854815	1	0		
1	2157	2	9	10	0.063357615	1	0		
1	2158	2	9	10	0.087964439	1	0		
1	2159	2	9	10	0.375982404	1	0		
1	2160	2	9	10	0.927411509	1	0		
1	2161	2	9	10	2.191364222	1	0		
1	2162	2	9	10	17.8929502	1	0		
1	2163	2	9	10	17.20975278	1	0		
1	2164	2	9	10	0.141754819	1	0		
1	2166	2	9	10	0.005339834	1	0		
1	2167	2	9	10	0.005339834	1	0		
1	2170	2	9	10	0.078485191	1	0		
1	2171	2	9	10	0.083934889	1	0		
1	2172	2	9	10	0.016349125	1	0		
1	2173	2	9	10	0.009581115	1	0		
1	2174	2	9	10	0.003193705	1	0		
1	2179	2	9	10	0.007260888	1	0		
1	2180	2	9	10	0.02178266	1	0		
1	2181	2	9	10	0.869291474	1	0		
1	2182	2	9	10	0.473234256	1	0		
1	2183	2	9	10	0.183470359	1	0		
1	2185	2	9	10	0.001059592	1	0		
1	2186	2	9	10	1.409263052	1	0		
1	2187	2	9	10	2.963016453	1	0		
1	2188	2	9	10	4.662319716	1	0		
1	2189	2	9	10	2.692917645	1	0		
1	2190	2	9	10	1.49370477	1	0		
1	2191	2	9	10	0.753662079	1	0		
1	2192	2	9	10	0.472787415	1	0		
1	2193	2	9	10	0.522577484	1	0		
1	2194	2	9	10	0.248671495	1	0		
1	2195	2	9	10	0.077676368	1	0		
1	2196	2	9	10	0.009592287	1	0		
1	2201	2	9	10	0.001639765	1	0		
1	2202	2	9	10	0.001682718	1	0		
1	2203	2	9	10	0.001136129	1	0		
1	2205	2	9	10	0.001583084	1	0		
1	2206	2	9	10	0.003685213	1	0		
1	2207	2	9	10	0.003157517	1	0		
1	2231	2	9	10	0.00037369	1	0		
1	2232	2	9	10	0.001121071	1	0		
1	2233	2	9	10	0.003178509	1	0		
1	2234	2	9	10	0.098409171	1	0		
1	2235	2	9	10	0.895343962	1	0		
1	2236	2	9	10	2.393983778	1	0		
1	2237	2	9	10	1.848557647	1	0		
1	2238	2	9	10	0.63801758	1	0		
1	2239	2	9	10	0.054667068	1	0		
1	2240	2	9	10	0.09850552	1	0		
1	2241	2	9	10	0.070223791	1	0		
1	2242	2	9	10	0.092212797	1	0		
1	2243	2	9	10	0.181203734	1	0		
1	2244	2	9	10	0.337196818	1	0		
1	2254	2	9	10	0.00944005	1	0		
1	2255	2	9	10	0.212195314	1	0		
1	2256	2	9	10	0.608265965	1	0		
1	2257	2	9	10	1.236556951	1	0		
1	2258	2	9	10	13.90424858	1	0		
1	2259	2	9	10	13.52279134	1	0		
1	2260	2	9	10	0.09218728	1	0		
1	2265	2	9	10	0.162464964	1	0		
1	2266	2	9	10	0.259377491	1	0		
1	2267	2	9	10	0.205395546	1	0		
1	2268	2	9	10	0.000519305	1	0		
1	2269	2	9	10	0.006496032	1	0		
1	2270	2	9	10	0.002165343	1	0		
1	2273	2	9	10	0.002739096	1	0		
1	2274	2	9	10	0.000913032	1	0		
1	2275	2	9	10	0.005636628	1	0		
1	2276	2	9	10	0.016909895	1	0		
1	2278	2	9	10	0.007502586	1	0		
1	2279	2	9	10	0.007502586	1	0		
1	2282	2	9	10	0.458059907	1	0		
1	2283	2	9	10	2.403072721	1	0		
1	2284	2	9	10	5.835038819	1	0		
1	2285	2	9	10	1.684543981	1	0		
1	2286	2	9	10	1.092701555	1	0		
1	2287	2	9	10	0.881510945	1	0		
1	2288	2	9	10	1.050971071	1	0		
1	2289	2	9	10	0.061055007	1	0		
1	2290	2	9	10	0.030256486	1	0		
1	2291	2	9	10	0.055271865	1	0		
1	2292	2	9	10	0.136101149	1	0		
1	2293	2	9	10	0.006969884	1	0		
1	2294	2	9	10	0.002323294	1	0		
1	2301	2	9	10	0.004134957	1	0		
1	2302	2	9	10	0.001378319	1	0		
1	2327	2	9	10	0.00037369	1	0		
1	2328	2	9	10	0.001121071	1	0		
1	2329	2	9	10	0.003178509	1	0		
1	2330	2	9	10	0.225888717	1	0		
1	2331	2	9	10	0.863931867	1	0		
1	2332	2	9	10	1.917308423	1	0		
1	2333	2	9	10	0.016755192	1	0		
1	2334	2	9	10	0.082486312	1	0		
1	2335	2	9	10	0.121579879	1	0		
1	2336	2	9	10	0.134035799	1	0		
1	2337	2	9	10	0.160983749	1	0		
1	2338	2	9	10	0.128075226	1	0		
1	2339	2	9	10	0.222624941	1	0		
1	2340	2	9	10	0.444633001	1	0		
1	2341	2	9	10	0.440471928	1	0		
1	2342	2	9	10	0.928324288	1	0		
1	2343	2	9	10	0.781694412	1	0		
1	2344	2	9	10	0.000581756	1	0		
1	2346	2	9	10	0.000223421	1	0		
1	2347	2	9	10	0.000836376	1	0		
1	2348	2	9	10	0.001838866	1	0		
1	2349	2	9	10	0.000335082	1	0		
1	2350	2	9	10	0.000111694	1	0		
1	2354	2	9	10	0.74836559	1	0		
1	2355	2	9	10	1.940741798	1	0		
1	2356	2	9	10	3.577129702	1	0		
1	2357	2	9	10	0.2006047	1	0		
1	2358	2	9	10	0.07004226	1	0		
1	2359	2	9	10	0.008407709	1	0		
1	2360	2	9	10	0.015701047	1	0		
1	2361	2	9	10	0.187582717	1	0		
1	2362	2	9	10	0.358081912	1	0		
1	2363	2	9	10	0.299540175	1	0		
1	2364	2	9	10	0.011957538	1	0		
1	2367	2	9	10	0.002739206	1	0		
1	2368	2	9	10	0.008217617	1	0		
1	2369	2	9	10	0.002739096	1	0		
1	2370	2	9	10	0.000913032	1	0		
1	2374	2	9	10	0.000224277	1	0		
1	2375	2	9	10	0.000224277	1	0		
1	2377	2	9	10	0.001009234	1	0		
1	2378	2	9	10	0.042815794	1	0		
1	2379	2	9	10	1.286858489	1	0		
1	2380	2	9	10	3.733137136	1	0		
1	2381	2	9	10	0.484648032	1	0		
1	2382	2	9	10	0.294193354	1	0		
1	2383	2	9	10	0.412659644	1	0		
1	2384	2	9	10	0.840046958	1	0		
1	2385	2	9	10	0.120091651	1	0		
1	2386	2	9	10	0.05923738	1	0		
1	2387	2	9	10	0.065271374	1	0		
1	2388	2	9	10	0.138193634	1	0		
1	2389	2	9	10	0.008860916	1	0		
1	2390	2	9	10	0.024492134	1	0		
1	2391	2	9	10	0.022850556	1	0		
1	2392	2	9	10	0.003936142	1	0		
1	2393	2	9	10	0.007106887	1	0		
1	2394	2	9	10	0.002368963	1	0		
1	2397	2	9	10	0.004134957	1	0		
1	2398	2	9	10	0.001378319	1	0		
1	2402	2	9	10	0.003450315	1	0		
1	2403	2	9	10	0.003546279	1	0		
1	2404	2	9	10	0.000287893	1	0		
1	2426	2	9	10	0.165384722	1	0		
1	2427	2	9	10	0.559006138	1	0		
1	2428	2	9	10	1.180864518	1	0		
1	2429	2	9	10	0.049846336	1	0		
1	2430	2	9	10	0.13761894	1	0		
1	2431	2	9	10	0.205975042	1	0		
1	2432	2	9	10	0.254914479	1	0		
1	2433	2	9	10	0.198160482	1	0		
1	2434	2	9	10	0.114044602	1	0		
1	2435	2	9	10	0.109987161	1	0		
1	2436	2	9	10	0.185988106	1	0		
1	2437	2	9	10	0.720347823	1	0		
1	2438	2	9	10	2.460159677	1	0		
1	2439	2	9	10	2.597571677	1	0		
1	2440	2	9	10	1.132581126	1	0		
1	2442	2	9	10	0.000287802	1	0		
1	2443	2	9	10	0.001077388	1	0		
1	2444	2	9	10	0.002368756	1	0		
1	2445	2	9	10	0.000431639	1	0		
1	2446	2	9	10	0.00014388	1	0		
1	2450	2	9	10	0.07214246	1	0		
1	2451	2	9	10	2.106392747	1	0		
1	2452	2	9	10	6.102749405	1	0		
1	2453	2	9	10	0.258411089	1	0		
1	2454	2	9	10	0.090225723	1	0		
1	2455	2	9	10	0.010830489	1	0		
1	2456	2	9	10	0.020225482	1	0		
1	2457	2	9	10	0.041413525	1	0		
1	2458	2	9	10	0.326652392	1	0		
1	2459	2	9	10	0.317759276	1	0		
1	2460	2	9	10	0.014734289	1	0		
1	2463	2	9	10	0.003528539	1	0		
1	2464	2	9	10	0.010585619	1	0		
1	2465	2	9	10	0.013577844	1	0		
1	2466	2	9	10	0.0067225	1	0		
1	2467	2	9	10	0.005189213	1	0		
1	2468	2	9	10	0.00897798	1	0		
1	2470	2	9	10	0.001245916	1	0		
1	2471	2	9	10	0.001723229	1	0		
1	2472	2	9	10	0.001431941	1	0		
1	2473	2	9	10	0.001300057	1	0		
1	2474	2	9	10	0.00119913	1	0		
1	2475	2	9	10	0.442714763	1	0		
1	2476	2	9	10	1.325846861	1	0		
1	2477	2	9	10	1.975759691	1	0		
1	2478	2	9	10	1.087375935	1	0		
1	2479	2	9	10	0.518383396	1	0		
1	2480	2	9	10	0.268782561	1	0		
1	2481	2	9	10	0.103629972	1	0		
1	2482	2	9	10	0.051149041	1	0		
1	2483	2	9	10	0.017504189	1	0		
1	2484	2	9	10	0.002695426	1	0		
1	2485	2	9	10	0.023058375	1	0		
1	2486	2	9	10	0.227436664	1	0		
1	2487	2	9	10	0.242602435	1	0		
1	2488	2	9	10	0.068555327	1	0		
1	2489	2	9	10	0.009154817	1	0		
1	2490	2	9	10	0.004212994	1	0		
1	2491	2	9	10	0.001226902	1	0		
1	2492	2	9	10	0.00019654	1	0		
1	2494	2	9	10	0.001018488	1	0		
1	2495	2	9	10	0.001018488	1	0		
1	2498	2	9	10	0.008987485	1	0		
1	2499	2	9	10	0.009234302	1	0		
1	2500	2	9	10	0.000740442	1	0		
1	2503	2	9	10	0.000566544	1	0		
1	2504	2	9	10	0.001699632	1	0		
1	2522	2	9	10	0.001958444	1	0		
1	2523	2	9	10	0.518149915	1	0		
1	2524	2	9	10	1.548573976	1	0		
1	2525	2	9	10	0.09925279	1	0		
1	2526	2	9	10	0.079404282	1	0		
1	2527	2	9	10	0.114827207	1	0		
1	2528	2	9	10	0.205521673	1	0		
1	2529	2	9	10	0.034928881	1	0		
1	2530	2	9	10	0.034482078	1	0		
1	2531	2	9	10	0.076854004	1	0		
1	2532	2	9	10	0.162044503	1	0		
1	2533	2	9	10	0.390541166	1	0		
1	2534	2	9	10	3.051876946	1	0		
1	2535	2	9	10	3.552897376	1	0		
1	2536	2	9	10	1.893602617	1	0		
1	2547	2	9	10	0.859045913	1	0		
1	2548	2	9	10	2.577137739	1	0		
1	2551	2	9	10	0.045506101	1	0		
1	2552	2	9	10	0.136518265	1	0		
1	2553	2	9	10	0.248390756	1	0		
1	2554	2	9	10	0.471697152	1	0		
1	2555	2	9	10	0.389970626	1	0		
1	2556	2	9	10	0.003211089	1	0		
1	2557	2	9	10	0.002997314	1	0		
1	2558	2	9	10	0.000999105	1	0		
1	2561	2	9	10	0.022881527	1	0		
1	2562	2	9	10	0.011302096	1	0		
1	2563	2	9	10	0.008681769	1	0		
1	2564	2	9	10	0.015020541	1	0		
1	2566	2	9	10	0.001601121	1	0		
1	2567	2	9	10	0.002493068	1	0		
1	2568	2	9	10	0.002675844	1	0		
1	2570	2	9	10	0.001281178	1	0		
1	2571	2	9	10	0.001281178	1	0		
1	2573	2	9	10	2.393483152	1	0		
1	2574	2	9	10	1.37688585	1	0		
1	2575	2	9	10	0.662218077	1	0		
1	2576	2	9	10	0.249478106	1	0		
1	2577	2	9	10	0.031754392	1	0		
1	2578	2	9	10	0.050570025	1	0		
1	2579	2	9	10	0.056100918	1	0		
1	2580	2	9	10	0.048347021	1	0		
1	2581	2	9	10	0.053724457	1	0		
1	2582	2	9	10	0.340697636	1	0		
1	2583	2	9	10	0.358193797	1	0		
1	2584	2	9	10	0.106212941	1	0		
1	2585	2	9	10	0.002825242	1	0		
1	2586	2	9	10	0.0028848	1	0		
1	2587	2	9	10	0.002052657	1	0		
1	2588	2	9	10	0.000328819	1	0		
1	2590	2	9	10	0.001965469	1	0		
1	2591	2	9	10	0.001965469	1	0		
1	2594	2	9	10	0.013609948	1	0		
1	2595	2	9	10	0.013800822	1	0		
1	2596	2	9	10	0.00057262	1	0		
1	2599	2	9	10	0.001710516	1	0		
1	2600	2	9	10	0.005131549	1	0		
1	2601	2	9	10	0.014234327	1	0		
1	2602	2	9	10	0.004744777	1	0		
1	2619	2	9	10	0.853797437	1	0		
1	2620	2	9	10	2.56139285	1	0		
1	2621	2	9	10	0.299242766	1	0		
1	2622	2	9	10	0.3161132	1	0		
1	2623	2	9	10	0.430228202	1	0		
1	2624	2	9	10	0.641587773	1	0		
1	2625	2	9	10	0.224257368	1	0		
1	2626	2	9	10	0.142359885	1	0		
1	2627	2	9	10	0.370370003	1	0		
1	2628	2	9	10	0.908287938	1	0		
1	2629	2	9	10	0.479620144	1	0		
1	2630	2	9	10	2.256452016	1	0		
1	2631	2	9	10	2.096579839	1	0		
1	2643	2	9	10	0.017975019	1	0		
1	2644	2	9	10	0.053925036	1	0		
1	2645	2	9	10	0.009841376	1	0		
1	2646	2	9	10	0.003280459	1	0		
1	2647	2	9	10	0.132528474	1	0		
1	2648	2	9	10	0.397585367	1	0		
1	2649	2	9	10	0.63335928	1	0		
1	2650	2	9	10	0.36408138	1	0		
1	2651	2	9	10	0.157506667	1	0		
1	2652	2	9	10	0.013634887	1	0		
1	2653	2	9	10	0.007693708	1	0		
1	2654	2	9	10	0.002564569	1	0		
1	2657	2	9	10	0.000365594	1	0		
1	2658	2	9	10	0.000121865	1	0		
1	2663	2	9	10	0.000206628	1	0		
1	2664	2	9	10	0.000619883	1	0		
1	2669	2	9	10	0.001917956	1	0		
1	2670	2	9	10	0.000639319	1	0		
1	2673	2	9	10	0.085244607	1	0		
1	2674	2	9	10	0.117460724	1	0		
1	2675	2	9	10	0.126530678	1	0		
1	2676	2	9	10	0.112454522	1	0		
1	2677	2	9	10	0.043116418	1	0		
1	2678	2	9	10	0.017941972	1	0		
1	2679	2	9	10	0.020492233	1	0		
1	2680	2	9	10	0.050767238	1	0		
1	2681	2	9	10	0.006251475	1	0		
1	2682	2	9	10	0.002083825	1	0		
1	2685	2	9	10	0.051205253	1	0		
1	2686	2	9	10	0.017647034	1	0		
1	2687	2	9	10	0.002605958	1	0		
1	2688	2	9	10	0.006082012	1	0		
1	2689	2	9	10	0.005254714	1	0		
1	2690	2	9	10	0.021972719	1	0		
1	2691	2	9	10	0.020221145	1	0		
1	2694	2	9	10	0.000246987	1	0		
1	2695	2	9	10	0.001628406	1	0		
1	2696	2	9	10	0.004144257	1	0		
1	2697	2	9	10	0.043035692	1	0		
1	2698	2	9	10	0.014345231	1	0		
1	2715	2	9	10	0.025451571	1	0		
1	2716	2	9	10	0.076354728	1	0		
1	2717	2	9	10	0.638003553	1	0		
1	2718	2	9	10	0.832605548	1	0		
1	2719	2	9	10	1.146895349	1	0		
1	2720	2	9	10	1.580872416	1	0		
1	2721	2	9	10	0.472068197	1	0		
1	2722	2	9	10	0.523960462	1	0		
1	2723	2	9	10	1.387689759	1	0		
1	2724	2	9	10	3.063255388	1	0		
1	2725	2	9	10	1.927291263	1	0		
1	2726	2	9	10	1.050215278	1	0		
1	2727	2	9	10	0.407784749	1	0		
1	2739	2	9	10	0.009952598	1	0		
1	2740	2	9	10	0.029857798	1	0		
1	2741	2	9	10	0.04042213	1	0		
1	2742	2	9	10	0.013872361	1	0		
1	2743	2	9	10	0.12576075	1	0		
1	2744	2	9	10	0.376087276	1	0		
1	2745	2	9	10	0.395058233	1	0		
1	2746	2	9	10	0.186159927	1	0		
1	2747	2	9	10	0.06105436	1	0		
1	2748	2	9	10	0.019741553	1	0		
1	2749	2	9	10	0.025511052	1	0		
1	2750	2	9	10	0.008503686	1	0		
1	2751	2	9	10	0.043443621	1	0		
1	2752	2	9	10	0.130330846	1	0		
1	2766	2	9	10	0.042644341	1	0		
1	2767	2	9	10	0.112915767	1	0		
1	2768	2	9	10	0.210814278	1	0		
1	2769	2	9	10	0.055696426	1	0		
1	2770	2	9	10	0.072033002	1	0		
1	2771	2	9	10	0.060160301	1	0		
1	2772	2	9	10	0.020078407	1	0		
1	2773	2	9	10	0.046945173	1	0		
1	2774	2	9	10	0.017903621	1	0		
1	2775	2	9	10	0.089647145	1	0		
1	2776	2	9	10	0.262175653	1	0		
1	2781	2	9	10	0.154812568	1	0		
1	2782	2	9	10	0.051604195	1	0		
1	2783	2	9	10	0.008723519	1	0		
1	2784	2	9	10	0.026170562	1	0		
1	2785	2	9	10	0.022995182	1	0		
1	2786	2	9	10	0.01020721	1	0		
1	2787	2	9	10	0.002542147	1	0		
1	2790	2	9	10	0.001080843	1	0		
1	2791	2	9	10	0.001080843	1	0		
1	2813	2	9	10	0.407466625	1	0		
1	2814	2	9	10	0.338450917	1	0		
1	2815	2	9	10	0.327408995	1	0		
1	2816	2	9	10	0.374340697	1	0		
1	2817	2	9	10	0.391957807	1	0		
1	2818	2	9	10	1.179289813	1	0		
1	2819	2	9	10	3.179918941	1	0		
1	2820	2	9	10	6.393845893	1	0		
1	2821	2	9	10	7.449453685	1	0		
1	2822	2	9	10	2.687197675	1	0		
1	2823	2	9	10	0.204046608	1	0		
1	2835	2	9	10	0.005494144	1	0		
1	2836	2	9	10	0.016482422	1	0		
1	2837	2	9	10	0.084464106	1	0		
1	2838	2	9	10	0.032517085	1	0		
1	2839	2	9	10	0.323078099	1	0		
1	2840	2	9	10	0.956146768	1	0		
1	2841	2	9	10	0.317201197	1	0		
1	2842	2	9	10	0.105777213	1	0		
1	2843	2	9	10	4.35E-05	1	0		
1	2845	2	9	10	0.097594953	1	0		
1	2846	2	9	10	0.032531656	1	0		
1	2847	2	9	10	0.190113897	1	0		
1	2848	2	9	10	0.570341422	1	0		
1	2862	2	9	10	0.188166043	1	0		
1	2863	2	9	10	0.49917119	1	0		
1	2864	2	9	10	0.933015494	1	0		
1	2865	2	9	10	0.05851061	1	0		
1	2866	2	9	10	0.01950354	1	0		
1	2867	2	9	10	0.020957426	1	0		
1	2868	2	9	10	0.06287231	1	0		
1	2869	2	9	10	0.197725563	1	0		
1	2870	2	9	10	0.076148759	1	0		
1	2871	2	9	10	0.188373954	1	0		
1	2872	2	9	10	0.534400932	1	0		
1	2873	2	9	10	0.081571159	1	0		
1	2874	2	9	10	0.027190387	1	0		
1	2877	2	9	10	0.018185039	1	0		
1	2878	2	9	10	0.00606168	1	0		
1	2879	2	9	10	0.011352143	1	0		
1	2880	2	9	10	0.034056423	1	0		
1	2909	2	9	10	0.418500779	1	0		
1	2910	2	9	10	0.696504992	1	0		
1	2911	2	9	10	0.794282339	1	0		
1	2912	2	9	10	0.711833413	1	0		
1	2913	2	9	10	2.074238885	1	0		
1	2914	2	9	10	2.669336456	1	0		
1	2915	2	9	10	8.160018271	1	0		
1	2916	2	9	10	18.5462935	1	0		
1	2917	2	9	10	10.05319741	1	0		
1	2918	2	9	10	3.725958446	1	0		
1	2919	2	9	10	0.374892626	1	0		
1	2931	2	9	10	0.038922131	1	0		
1	2932	2	9	10	0.116766376	1	0		
1	2933	2	9	10	0.275787273	1	0		
1	2934	2	9	10	0.135762418	1	0		
1	2935	2	9	10	1.637739269	1	0		
1	2936	2	9	10	4.78171621	1	0		
1	2937	2	9	10	1.174023534	1	0		
1	2938	2	9	10	0.391649394	1	0		
1	2939	2	9	10	0.00030814	1	0		
1	2958	2	9	10	0.014958038	1	0		
1	2959	2	9	10	0.040981989	1	0		
1	2960	2	9	10	0.078071852	1	0		
1	2961	2	9	10	0.275225796	1	0		
1	2962	2	9	10	0.091741896	1	0		
1	2963	2	9	10	0.112070098	1	0		
1	2964	2	9	10	0.336210348	1	0		
1	2965	2	9	10	0.000326751	1	0		
1	2966	2	9	10	0.028986456	1	0		
1	2967	2	9	10	0.169472588	1	0		
1	2968	2	9	10	0.421785109	1	0		
1	2969	2	9	10	0.793246562	1	0		
1	2970	2	9	10	0.264415575	1	0		
1	2973	2	9	10	0.12882816	1	0		
1	2974	2	9	10	0.042942726	1	0		
1	3005	2	9	10	0.62551273	1	0		
1	3006	2	9	10	1.026808337	1	0		
1	3007	2	9	10	1.097855624	1	0		
1	3008	2	9	10	0.838653514	1	0		
1	3009	2	9	10	2.388653842	1	0		
1	3010	2	9	10	3.557711042	1	0		
1	3011	2	9	10	3.656719452	1	0		
1	3012	2	9	10	2.685682311	1	0		
1	3029	2	9	10	0.123896945	1	0		
1	3030	2	9	10	0.425893583	1	0		
1	3031	2	9	10	4.013023496	1	0		
1	3032	2	9	10	10.88528237	1	0		
1	3033	2	9	10	2.777720267	1	0		
1	3034	2	9	10	0.925906935	1	0		
1	3054	2	9	10	0.060529674	1	0		
1	3055	2	9	10	0.080322293	1	0		
1	3056	2	9	10	0.059377857	1	0		
1	3057	2	9	10	0.105368243	1	0		
1	3058	2	9	10	0.035122744	1	0		
1	3061	2	9	10	0.0049715	1	0		
1	3062	2	9	10	0.220454934	1	0		
1	3063	2	9	10	0.246270326	1	0		
1	3064	2	9	10	0.082417853	1	0		
1	3065	2	9	10	3.276879535	1	0		
1	3066	2	9	10	1.092293178	1	0		
1	3101	2	9	10	5.57278764	1	0		
1	3102	2	9	10	3.128027594	1	0		
1	3103	2	9	10	3.54028841	1	0		
1	3104	2	9	10	6.809564694	1	0		
1	3105	2	9	10	1.855516234	1	0		
1	3106	2	9	10	2.265206489	1	0		
1	3107	2	9	10	1.646702516	1	0		
1	3125	2	9	10	2.193870587	1	0		
1	3126	2	9	10	0.860392423	1	0		
1	3127	2	9	10	0.610490727	1	0		
1	3128	2	9	10	1.44416496	1	0		
1	3129	2	9	10	0.289451221	1	0		
1	3130	2	9	10	0.096483705	1	0		
1	3151	2	9	10	0.999595994	1	0		
1	3152	2	9	10	2.998787442	1	0		
1	3153	2	9	10	0.22808122	1	0		
1	3154	2	9	10	0.076027109	1	0		
1	3155	2	9	10	0.001609204	1	0		
1	3156	2	9	10	0.004827613	1	0		
1	3157	2	9	10	0.190620349	1	0		
1	3158	2	9	10	0.084538607	1	0		
1	3159	2	9	10	0.207435056	1	0		
1	3160	2	9	10	0.559309319	1	0		
1	3161	2	9	10	4.709216137	1	0		
1	3162	2	9	10	1.569738892	1	0		
1	3169	2	9	10	0.001788844	1	0		
1	3170	2	9	10	0.000596281	1	0		
1	3197	2	9	10	2.491883044	1	0		
1	3198	2	9	10	2.329590278	1	0		
1	3199	2	9	10	2.144182423	1	0		
1	3200	2	9	10	1.935658399	1	0		
1	3201	2	9	10	17.81172263	1	0		
1	3202	2	9	10	6.249101455	1	0		
1	3203	2	9	10	0.31186085	1	0		
1	3221	2	9	10	0.957985812	1	0		
1	3222	2	9	10	0.447693128	1	0		
1	3223	2	9	10	0.170931038	1	0		
1	3224	2	9	10	0.127699002	1	0		
1	3225	2	9	10	0.019713528	1	0		
1	3226	2	9	10	0.006571174	1	0		
1	3247	2	9	10	0.081346795	1	0		
1	3248	2	9	10	0.244040439	1	0		
1	3249	2	9	10	0.015533833	1	0		
1	3250	2	9	10	0.005177946	1	0		
1	3251	2	9	10	0.000109597	1	0		
1	3252	2	9	10	0.000328792	1	0		
1	3253	2	9	10	1.700839666	1	0		
1	3254	2	9	10	1.757914754	1	0		
1	3255	2	9	10	2.068575559	1	0		
1	3256	2	9	10	2.63282262	1	0		
1	3257	2	9	10	1.042794907	1	0		
1	3258	2	9	10	0.347598392	1	0		
1	3261	2	9	10	0.002302295	1	0		
1	3262	2	9	10	0.920094177	1	0		
1	3263	2	9	10	1.044457545	1	0		
1	3264	2	9	10	0.375393845	1	0		
1	3265	2	9	10	0.000261843	1	0		
1	3266	2	9	10	8.73E-05	1	0		
1	3293	2	9	10	2.415798212	1	0		
1	3294	2	9	10	1.87986023	1	0		
1	3295	2	9	10	1.337010595	1	0		
1	3296	2	9	10	0.787248227	1	0		
1	3297	2	9	10	3.24195389	1	0		
1	3298	2	9	10	1.109884124	1	0		
1	3299	2	9	10	0.029232664	1	0		
1	3317	2	9	10	0.118354891	1	0		
1	3318	2	9	10	0.056954085	1	0		
1	3319	2	9	10	0.018934079	1	0		
1	3320	2	9	10	0.004294942	1	0		
1	3343	2	9	10	0.001942074	1	0		
1	3344	2	9	10	0.005826224	1	0		
1	3349	2	9	10	0.247061563	1	0		
1	3350	2	9	10	0.512059007	1	0		
1	3351	2	9	10	0.978224462	1	0		
1	3352	2	9	10	1.645559385	1	0		
1	3353	2	9	10	0.109278679	1	0		
1	3354	2	9	10	0.036426243	1	0		
1	3357	2	9	10	0.016420475	1	0		
1	3358	2	9	10	0.659130706	1	0		
1	3359	2	9	10	0.891192223	1	0		
1	3360	2	9	10	0.71260593	1	0		
1	3389	2	9	10	0.782924937	1	0		
1	3390	2	9	10	1.172804878	1	0		
1	3391	2	9	10	2.548318863	1	0		
1	3392	2	9	10	4.90946905	1	0		
1	3393	2	9	10	0.485447685	1	0		
1	3394	2	9	10	0.161815877	1	0		
1	3446	2	9	10	0.060632496	1	0		
1	3447	2	9	10	0.227719669	1	0		
1	3448	2	9	10	0.501261679	1	0		
1	3449	2	9	10	0.000850623	1	0		
1	3450	2	9	10	0.000283541	1	0		
1	3453	2	9	10	0.027131746	1	0		
1	3454	2	9	10	1.935742556	1	0		
1	3455	2	9	10	1.978703024	1	0		
1	3456	2	9	10	0.15601585	1	0		
1	3485	2	9	10	0.116352119	1	0		
1	3486	2	9	10	1.12800159	1	0		
1	3487	2	9	10	5.048675858	1	0		
1	3488	2	9	10	11.8783767	1	0		
1	3489	2	9	10	0.651378563	1	0		
1	3490	2	9	10	0.217126206	1	0		
1	3543	2	9	10	0.023041711	1	0		
1	3544	2	9	10	0.069125166	1	0		
1	3549	2	9	10	0.149689734	1	0		
1	3550	2	9	10	1.124367199	1	0		
1	3551	2	9	10	1.075036163	1	0		
1	3552	2	9	10	0.001696886	1	0		
1	3581	2	9	10	0.310782401	1	0		
1	3582	2	9	10	1.135376106	1	0		
1	3583	2	9	10	5.034970694	1	0		
1	3584	2	9	10	12.00956973	1	0		
1	3585	2	9	10	3.322555142	1	0		
1	3586	2	9	10	1.109120238	1	0		
1	3587	2	9	10	0.001601557	1	0		
1	3645	2	9	10	0.066721408	1	0		
1	3646	2	9	10	0.236140697	1	0		
1	3647	2	9	10	0.214166635	1	0		
1	3648	2	9	10	0.000799167	1	0		
1	3677	2	9	10	0.188566112	1	0		
1	3678	2	9	10	0.47697368	1	0		
1	3679	2	9	10	1.911005288	1	0		
1	3680	2	9	10	4.490660721	1	0		
1	3681	2	9	10	1.917384488	1	0		
1	3682	2	9	10	0.640128515	1	0		
1	3683	2	9	10	0.001000485	1	0		
1	3774	2	9	10	0.015142768	1	0		
